0.000000	0.000000	0.000000	0.000000	0.000000	0.000000	0.000000	0.000000
0.000067	0.000000	-0.057118	0.057118	0.000067	-40.453479	-0.011383	40.453480
0.000133	0.000000	-0.114223	0.114223	0.000133	-40.449340	-0.022776	40.449346
0.000200	0.000000	-0.171301	0.171301	0.000200	-40.442443	-0.034188	40.442457
0.000267	0.000000	-0.228341	0.228341	0.000267	-40.432788	-0.045629	40.432814
0.000333	0.000000	-0.285328	0.285328	0.000333	-40.420376	-0.057109	40.420416
0.000400	0.000000	-0.342251	0.342251	0.000400	-40.405208	-0.068638	40.405267
0.000467	0.000000	-0.399095	0.399095	0.000467	-40.387286	-0.080224	40.387366
0.000533	0.000000	-0.455849	0.455849	0.000533	-40.366611	-0.091878	40.366716
0.000600	0.000000	-0.512498	0.512498	0.000600	-40.343185	-0.103609	40.343318
0.000667	0.000000	-0.569031	0.569031	0.000667	-40.317011	-0.115427	40.317176
0.000733	0.000000	-0.625434	0.625434	0.000733	-40.288090	-0.127341	40.288291
0.000800	0.000000	-0.681694	0.681694	0.000800	-40.256426	-0.139362	40.256667
0.000867	0.000000	-0.737799	0.737799	0.000867	-40.222022	-0.151497	40.222307
0.000933	0.000000	-0.793736	0.793736	0.000933	-40.184880	-0.163758	40.185213
0.001000	0.000000	-0.849491	0.849491	0.001000	-40.145004	-0.176153	40.145391
0.001067	0.000000	-0.905054	0.905054	0.001067	-40.102398	-0.188691	40.102842
0.001133	0.000000	-0.960410	0.960410	0.001133	-40.057067	-0.201382	40.057573
0.001200	0.000000	-1.015547	1.015547	0.001200	-40.009013	-0.214236	40.009587
0.001267	0.000000	-1.070453	1.070453	0.001267	-39.958242	-0.227261	39.958888
0.001333	0.000000	-1.125115	1.125115	0.001333	-39.904759	-0.240466	39.905483
0.001400	0.000000	-1.179521	1.179521	0.001400	-39.848568	-0.253861	39.849376
0.001467	0.000000	-1.233658	1.233658	0.001467	-39.789674	-0.267455	39.790573
0.001533	0.000000	-1.287514	1.287514	0.001533	-39.728084	-0.281257	39.729080
0.001600	0.000000	-1.341077	1.341077	0.001600	-39.663803	-0.295275	39.664902
0.001667	0.000000	-1.394335	1.394335	0.001667	-39.596837	-0.309519	39.598047
0.001733	0.000000	-1.447276	1.447276	0.001733	-39.527193	-0.323997	39.528521
0.001800	0.000000	-1.499887	1.499887	0.001800	-39.454876	-0.338718	39.456330
0.001867	0.000000	-1.552157	1.552157	0.001867	-39.379894	-0.353690	39.381482
0.001933	0.000000	-1.604074	1.604074	0.001933	-39.302254	-0.368923	39.303985
0.002000	0.000000	-1.655626	1.655626	0.002000	-39.221962	-0.384424	39.223846
0.002067	0.000000	-1.706802	1.706802	0.002067	-39.139028	-0.400203	39.141074
0.002133	0.000000	-1.757590	1.757590	0.002133	-39.053457	-0.416266	39.055676
0.002200	0.000000	-1.807979	1.807979	0.002200	-38.965259	-0.432624	38.967661
0.002267	0.000000	-1.857956	1.857956	0.002267	-38.874442	-0.449282	38.877038
0.002333	0.000000	-1.907512	1.907512	0.002333	-38.781014	-0.466250	38.783816
0.002400	0.000000	-1.956635	1.956635	0.002400	-38.684984	-0.483536	38.688006
0.002467	0.000000	-2.005313	2.005313	0.002467	-38.586361	-0.501147	38.589615
0.002533	0.000000	-2.053536	2.053536	0.002533	-38.485154	-0.519091	38.488655
0.002600	0.000000	-2.101294	2.101294	0.002600	-38.381373	-0.537375	38.385135
0.002667	0.000000	-2.148574	2.148574	0.002667	-38.275028	-0.556008	38.279067
0.002733	0.000000	-2.195368	2.195368	0.002733	-38.166129	-0.574995	38.170460
0.002800	0.000000	-2.241664	2.241664	0.002800	-38.054686	-0.594346	38.059327
0.002867	0.000000	-2.287452	2.287452	0.002867	-37.940709	-0.614066	37.945678
0.002933	0.000000	-2.332722	2.332722	0.002933	-37.824209	-0.634163	37.829525
0.003000	0.000000	-2.377463	2.377463	0.003000	-37.705198	-0.654643	37.710880
0.003067	0.000000	-2.421667	2.421667	0.003067	-37.583686	-0.675514	37.589756
0.003133	0.000000	-2.465322	2.465322	0.003133	-37.459685	-0.696782	37.466165
0.003200	0.000000	-2.508420	2.508420	0.003200	-37.333206	-0.718453	37.340119
0.003267	0.000000	-2.550951	2.550951	0.003267	-37.204263	-0.740534	37.211632
0.003333	0.000000	-2.592906	2.592906	0.003333	-37.072866	-0.763031	37.080717
0.003400	0.000000	-2.634274	2.634274	0.003400	-36.939028	-0.785950	36.947389
0.003467	0.000000	-2.675048	2.675048	0.003467	-36.802762	-0.809298	36.811660
0.003533	0.000000	-2.715219	2.715219	0.003533	-36.664081	-0.833079	36.673545
0.003600	0.000000	-2.754776	2.754776	0.003600	-36.522999	-0.857299	36.533059
0.003667	0.000000	-2.793713	2.793713	0.003667	-36.379527	-0.881965	36.390216
0.003733	0.000000	-2.832020	2.832020	0.003733	-36.233680	-0.907081	36.245032
0.003800	0.000000	-2.869690	2.869690	0.003800	-36.085472	-0.932653	36.097523
0.003867	0.000000	-2.906713	2.906713	0.003867	-35.934917	-0.958685	35.947703
0.003933	0.000000	-2.943083	2.943083	0.003933	-35.782029	-0.985183	35.795589
0.004000	0.000000	-2.978791	2.978791	0.004000	-35.626822	-1.012151	35.641197
0.004067	0.000000	-3.013830	3.013830	0.004067	-35.469312	-1.039594	35.484544
0.004133	0.000000	-3.048191	3.048191	0.004133	-35.309513	-1.067516	35.325646
0.004200	0.000000	-3.081869	3.081869	0.004200	-35.147440	-1.095921	35.164522
0.004267	0.000000	-3.114856	3.114856	0.004267	-34.983110	-1.124814	35.001188
0.004333	0.000000	-3.147144	3.147144	0.004333	-34.816537	-1.154198	34.835663
0.004400	0.000000	-3.178728	3.178728	0.004400	-34.647737	-1.184078	34.667964
0.004467	0.000000	-3.209600	3.209600	0.004467	-34.476726	-1.214457	34.498110
0.004533	0.000000	-3.239755	3.239755	0.004533	-34.303522	-1.245337	34.326119
0.004600	0.000000	-3.269185	3.269185	0.004600	-34.128139	-1.276723	34.152011
0.004667	0.000000	-3.297886	3.297886	0.004667	-33.950595	-1.308617	33.975806
0.004733	0.000000	-3.325851	3.325851	0.004733	-33.770907	-1.341023	33.797522
0.004800	0.000000	-3.353074	3.353074	0.004800	-33.589092	-1.373943	33.617180
0.004867	0.000000	-3.379551	3.379551	0.004867	-33.405167	-1.407379	33.434801
0.004933	0.000000	-3.405275	3.405275	0.004933	-33.219150	-1.441333	33.250404
0.005000	0.000000	-3.430242	3.430242	0.005000	-33.031058	-1.475809	33.064011
0.005067	0.000000	-3.454448	3.454448	0.005067	-32.840910	-1.510808	32.875643
0.005133	0.000000	-3.477886	3.477886	0.005133	-32.648723	-1.546331	32.685322
0.005200	0.000000	-3.500554	3.500554	0.005200	-32.454516	-1.582380	32.493070
0.005267	0.000000	-3.522446	3.522446	0.005267	-32.258308	-1.618957	32.298908
0.005333	0.000000	-3.543559	3.543559	0.005333	-32.060117	-1.656063	32.102860
0.005400	0.000000	-3.563889	3.563889	0.005400	-31.859962	-1.693698	31.904949
0.005467	0.000000	-3.583432	3.583432	0.005467	-31.657862	-1.731864	31.705198
0.005533	0.000000	-3.602185	3.602185	0.005533	-31.453837	-1.770562	31.503631
0.005600	0.000000	-3.620144	3.620144	0.005600	-31.247906	-1.809791	31.300271
0.005667	0.000000	-3.637307	3.637307	0.005667	-31.040088	-1.849551	31.095143
0.005733	0.000000	-3.653671	3.653671	0.005733	-30.830404	-1.889844	30.888272
0.005800	0.000000	-3.669232	3.669232	0.005800	-30.618874	-1.930668	30.679682
0.005867	0.000000	-3.683990	3.683990	0.005867	-30.405517	-1.972023	30.469400
0.005933	0.000000	-3.697941	3.697941	0.005933	-30.190355	-2.013910	30.257451
0.006000	0.000000	-3.711083	3.711083	0.006000	-29.973407	-2.056326	30.043862
0.006067	0.000000	-3.723416	3.723416	0.006067	-29.754695	-2.099271	29.828658
0.006133	0.000000	-3.734937	3.734937	0.006133	-29.534240	-2.142744	29.611867
0.006200	0.000000	-3.745645	3.745645	0.006200	-29.312062	-2.186744	29.393517
0.006267	0.000000	-3.755539	3.755539	0.006267	-29.088183	-2.231268	29.173634
0.006333	0.000000	-3.764618	3.764618	0.006333	-28.862624	-2.276315	28.952248
0.006400	0.000000	-3.772882	3.772882	0.006400	-28.635406	-2.321884	28.729386
0.006467	0.000000	-3.780329	3.780329	0.006467	-28.406552	-2.367972	28.505079
0.006533	0.000000	-3.786961	3.786961	0.006533	-28.176084	-2.414576	28.279354
0.006600	0.000000	-3.792776	3.792776	0.006600	-27.944023	-2.461694	28.052243
0.006667	0.000000	-3.797774	3.797774	0.006667	-27.710391	-2.509324	27.823775
0.006733	0.000000	-3.801958	3.801958	0.006733	-27.475211	-2.557461	27.593982
0.006800	0.000000	-3.805326	3.805326	0.006800	-27.238506	-2.606104	27.362894
0.006867	0.000000	-3.807880	3.807880	0.006867	-27.000297	-2.655249	27.130543
0.006933	0.000000	-3.809621	3.809621	0.006933	-26.760608	-2.704891	26.896962
0.007000	0.000000	-3.810550	3.810550	0.007000	-26.519462	-2.755028	26.662184
0.007067	0.000000	-3.810669	3.810669	0.007067	-26.276881	-2.805655	26.426240
0.007133	0.000000	-3.809979	3.809979	0.007133	-26.032889	-2.856769	26.189166
0.007200	0.000000	-3.808482	3.808482	0.007200	-25.787508	-2.908364	25.950995
0.007267	0.000000	-3.806181	3.806181	0.007267	-25.540763	-2.960436	25.711763
0.007333	0.000000	-3.803078	3.803078	0.007333	-25.292677	-3.012981	25.471505
0.007400	0.000000	-3.799175	3.799175	0.007400	-25.043273	-3.065993	25.230257
0.007467	0.000000	-3.794475	3.794475	0.007467	-24.792576	-3.119468	24.988055
0.007533	0.000000	-3.788982	3.788982	0.007533	-24.540608	-3.173399	24.744937
0.007600	0.000000	-3.782697	3.782697	0.007600	-24.287394	-3.227782	24.500941
0.007667	0.000000	-3.775626	3.775626	0.007667	-24.032959	-3.282610	24.256105
0.007733	0.000000	-3.767770	3.767770	0.007733	-23.777325	-3.337878	24.010469
0.007800	0.000000	-3.759135	3.759135	0.007800	-23.520518	-3.393580	23.764073
0.007867	0.000000	-3.749724	3.749724	0.007867	-23.262562	-3.449708	23.516957
0.007933	0.000000	-3.739542	3.739542	0.007933	-23.003480	-3.506258	23.269163
0.008000	0.000000	-3.728592	3.728592	0.008000	-22.743299	-3.563221	23.020734
0.008067	0.000000	-3.716880	3.716880	0.008067	-22.482041	-3.620591	22.771712
0.008133	0.000000	-3.704411	3.704411	0.008133	-22.219733	-3.678362	22.522142
0.008200	0.000000	-3.691188	3.691188	0.008200	-21.956398	-3.736525	22.272069
0.008267	0.000000	-3.677219	3.677219	0.008267	-21.692062	-3.795074	22.021538
0.008333	0.000000	-3.662507	3.662507	0.008333	-21.426749	-3.854000	21.770597
0.008400	0.000000	-3.647059	3.647059	0.008400	-21.160485	-3.913296	21.519294
0.008467	0.000000	-3.630880	3.630880	0.008467	-20.893294	-3.972955	21.267677
0.008533	0.000000	-3.613977	3.613977	0.008533	-20.625201	-4.032967	21.015797
0.008600	0.000000	-3.596356	3.596356	0.008600	-20.356232	-4.093325	20.763706
0.008667	0.000000	-3.578022	3.578022	0.008667	-20.086411	-4.154020	20.511455
0.008733	0.000000	-3.558984	3.558984	0.008733	-19.815765	-4.215044	20.259100
0.008800	0.000000	-3.539246	3.539246	0.008800	-19.544318	-4.276387	20.006695
0.008867	0.000000	-3.518817	3.518817	0.008867	-19.272095	-4.338041	19.754297
0.008933	0.000000	-3.497703	3.497703	0.008933	-18.999122	-4.399997	19.501964
0.009000	0.000000	-3.475912	3.475912	0.009000	-18.725424	-4.462246	19.249757
0.009067	0.000000	-3.453451	3.453451	0.009067	-18.451027	-4.524777	18.997737
0.009133	0.000000	-3.430328	3.430328	0.009133	-18.175956	-4.587582	18.745967
0.009200	0.000000	-3.406550	3.406550	0.009200	-17.900236	-4.650650	18.494513
0.009267	0.000000	-3.382125	3.382125	0.009267	-17.623893	-4.713973	18.243441
0.009333	0.000000	-3.357062	3.357062	0.009333	-17.346952	-4.777539	17.992822
0.009400	0.000000	-3.331369	3.331369	0.009400	-17.069440	-4.841339	17.742726
0.009467	0.000000	-3.305054	3.305054	0.009467	-16.791380	-4.905363	17.493228
0.009533	0.000000	-3.278126	3.278126	0.009533	-16.512799	-4.969600	17.244403
0.009600	0.000000	-3.250593	3.250593	0.009600	-16.233722	-5.034039	16.996331
0.009667	0.000000	-3.222465	3.222465	0.009667	-15.954174	-5.098670	16.749093
0.009733	0.000000	-3.193750	3.193750	0.009733	-15.674182	-5.163482	16.502773
0.009800	0.000000	-3.164457	3.164457	0.009800	-15.393769	-5.228465	16.257459
0.009867	0.000000	-3.134596	3.134596	0.009867	-15.112963	-5.293606	16.013242
0.009933	0.000000	-3.104177	3.104177	0.009933	-14.831787	-5.358896	15.770215
0.010000	0.000000	-3.073208	3.073208	0.010000	-14.550268	-5.424322	15.528476
0.010067	0.000000	-3.041699	3.041699	0.010067	-14.268430	-5.489874	15.288127
0.010133	0.000000	-3.009661	3.009661	0.010133	-13.986300	-5.555540	15.049272
0.010200	0.000000	-2.977103	2.977103	0.010200	-13.703901	-5.621308	14.812022
0.010267	0.000000	-2.944035	2.944035	0.010267	-13.421259	-5.687167	14.576490
0.010333	0.000000	-2.910468	2.910468	0.010333	-13.138400	-5.753105	14.342795
0.010400	0.000000	-2.876411	2.876411	0.010400	-12.855347	-5.819110	14.111059
0.010467	0.000000	-2.841875	2.841875	0.010467	-12.572127	-5.885170	13.881412
0.010533	0.000000	-2.806871	2.806871	0.010533	-12.288765	-5.951273	13.653988
0.010600	0.000000	-2.771408	2.771408	0.010600	-12.005284	-6.017408	13.428925
0.010667	0.000000	-2.735498	2.735498	0.010667	-11.721709	-6.083561	13.206369
0.010733	0.000000	-2.699152	2.699152	0.010733	-11.438066	-6.149722	12.986471
0.010800	0.000000	-2.662379	2.662379	0.010800	-11.154379	-6.215876	12.769389
0.010867	0.000000	-2.625192	2.625192	0.010867	-10.870673	-6.282013	12.555287
0.010933	0.000000	-2.587602	2.587602	0.010933	-10.586971	-6.348120	12.344334
0.011000	0.000000	-2.549618	2.549618	0.011000	-10.303298	-6.414184	12.136709
0.011067	0.000000	-2.511253	2.511253	0.011067	-10.019679	-6.480192	11.932597
0.011133	0.000000	-2.472517	2.472517	0.011133	-9.736137	-6.546133	11.732188
0.011200	0.000000	-2.433422	2.433422	0.011200	-9.452697	-6.611994	11.535681
0.011267	0.000000	-2.393980	2.393980	0.011267	-9.169381	-6.677761	11.343282
0.011333	0.000000	-2.354201	2.354201	0.011333	-8.886215	-6.743422	11.155204
0.011400	0.000000	-2.314097	2.314097	0.011400	-8.603222	-6.808966	10.971665
0.011467	0.000000	-2.273679	2.273679	0.011467	-8.320425	-6.874377	10.792893
0.011533	0.000000	-2.232960	2.232960	0.011533	-8.037847	-6.939645	10.619118
0.011600	0.000000	-2.191950	2.191950	0.011600	-7.755512	-7.004757	10.450578
0.011667	0.000000	-2.150662	2.150662	0.011667	-7.473444	-7.069699	10.287517
0.011733	0.000000	-2.109106	2.109106	0.011733	-7.191664	-7.134458	10.130179
0.011800	0.000000	-2.067295	2.067295	0.011800	-6.910196	-7.199023	9.978814
0.011867	0.000000	-2.025240	2.025240	0.011867	-6.629062	-7.263379	9.833674
0.011933	0.000000	-1.982953	1.982953	0.011933	-6.348285	-7.327515	9.695009
0.012000	0.000000	-1.940446	1.940446	0.012000	-6.067888	-7.391418	9.563071
0.012067	0.000000	-1.897730	1.897730	0.012067	-5.787892	-7.455075	9.438105
0.012133	0.000000	-1.854817	1.854817	0.012133	-5.508320	-7.518472	9.320355
0.012200	0.000000	-1.811719	1.811719	0.012200	-5.229193	-7.581598	9.210054
0.012267	0.000000	-1.768448	1.768448	0.012267	-4.950533	-7.644440	9.107428
0.012333	0.000000	-1.725014	1.725014	0.012333	-4.672363	-7.706984	9.012690
0.012400	0.000000	-1.681431	1.681431	0.012400	-4.394702	-7.769219	8.926039
0.012467	0.000000	-1.637709	1.637709	0.012467	-4.117572	-7.831131	8.847656
0.012533	0.000000	-1.593861	1.593861	0.012533	-3.840994	-7.892709	8.777704
0.012600	0.000000	-1.549898	1.549898	0.012600	-3.564990	-7.953940	8.716324
0.012667	0.000000	-1.505831	1.505831	0.012667	-3.289579	-8.014810	8.663631
0.012733	0.000000	-1.461673	1.461673	0.012733	-3.014782	-8.075308	8.619716
0.012800	0.000000	-1.417434	1.417434	0.012800	-2.740619	-8.135422	8.584642
0.012867	0.000000	-1.373127	1.373127	0.012867	-2.467110	-8.195139	8.558442
0.012933	0.000000	-1.328762	1.328762	0.012933	-2.194275	-8.254446	8.541120
0.013000	0.000000	-1.284352	1.284352	0.013000	-1.922134	-8.313333	8.532649
0.013067	0.000000	-1.239907	1.239907	0.013067	-1.650705	-8.371786	8.532973
0.013133	0.000000	-1.195439	1.195439	0.013133	-1.380009	-8.429793	8.542004
0.013200	0.000000	-1.150960	1.150960	0.013200	-1.110064	-8.487344	8.559629
0.013267	0.000000	-1.106480	1.106480	0.013267	-0.840888	-8.544425	8.585702
0.013333	0.000000	-1.062010	1.062010	0.013333	-0.572501	-8.601025	8.620057
0.013400	0.000000	-1.017562	1.017562	0.013400	-0.304920	-8.657132	8.662501
0.013467	0.000000	-0.973146	0.973146	0.013467	-0.038163	-8.712736	8.712819
0.013533	0.000000	-0.928775	0.928775	0.013533	0.227751	-8.767824	8.770781
0.013600	0.000000	-0.884457	0.884457	0.013600	0.492805	-8.822385	8.836138
0.013667	0.000000	-0.840205	0.840205	0.013667	0.756982	-8.876407	8.908626
0.013733	0.000000	-0.796028	0.796028	0.013733	1.020264	-8.929880	8.987975
0.013800	0.000000	-0.751938	0.751938	0.013800	1.282636	-8.982793	9.073904
0.013867	0.000000	-0.707945	0.707945	0.013867	1.544079	-9.035135	9.166124
0.013933	0.000000	-0.664059	0.664059	0.013933	1.804579	-9.086894	9.264348
0.014000	0.000000	-0.620291	0.620291	0.014000	2.064118	-9.138060	9.368283
0.014067	0.000000	-0.576650	0.576650	0.014067	2.322680	-9.188623	9.477639
0.014133	0.000000	-0.533148	0.533148	0.014133	2.580251	-9.238572	9.592128
0.014200	0.000000	-0.489793	0.489793	0.014200	2.836815	-9.287897	9.711465
0.014267	0.000000	-0.446596	0.446596	0.014267	3.092356	-9.336588	9.835372
0.014333	0.000000	-0.403566	0.403566	0.014333	3.346861	-9.384635	9.963576
0.014400	0.000000	-0.360714	0.360714	0.014400	3.600313	-9.432027	10.095810
0.014467	0.000000	-0.318048	0.318048	0.014467	3.852699	-9.478755	10.231818
0.014533	0.000000	-0.275578	0.275578	0.014533	4.104005	-9.524810	10.371349
0.014600	0.000000	-0.233314	0.233314	0.014600	4.354217	-9.570182	10.514162
0.014667	0.000000	-0.191263	0.191263	0.014667	4.603322	-9.614862	10.660025
0.014733	0.000000	-0.149437	0.149437	0.014733	4.851305	-9.658840	10.808717
0.014800	0.000000	-0.107843	0.107843	0.014800	5.098154	-9.702108	10.960022
0.014867	0.000000	-0.066489	0.066489	0.014867	5.343857	-9.744657	11.113737
0.014933	0.000000	-0.025386	0.025386	0.014933	5.588400	-9.786478	11.269666
0.015000	0.000000	0.015459	0.015459	0.015000	5.831772	-9.827562	11.427622
0.015067	0.000000	0.056038	0.056038	0.015067	6.073961	-9.867902	11.587428
0.015133	0.000000	0.096342	0.096342	0.015133	6.314954	-9.907489	11.748914
0.015200	0.000000	0.136364	0.136364	0.015200	6.554741	-9.946314	11.911918
0.015267	0.000000	0.176095	0.176095	0.015267	6.793310	-9.984372	12.076288
0.015333	0.000000	0.215527	0.215527	0.015333	7.030650	-10.021652	12.241877
0.015400	0.000000	0.254653	0.254653	0.015400	7.266751	-10.058149	12.408547
0.015467	0.000000	0.293466	0.293466	0.015467	7.501603	-10.093854	12.576166
0.015533	0.000000	0.331958	0.331958	0.015533	7.735195	-10.128762	12.744609
0.015600	0.000000	0.370123	0.370123	0.015600	7.967517	-10.162863	12.913757
0.015667	0.000000	0.407952	0.407952	0.015667	8.198561	-10.196153	13.083498
0.015733	0.000000	0.445440	0.445440	0.015733	8.428316	-10.228623	13.253726
0.015800	0.000000	0.482579	0.482579	0.015800	8.656774	-10.260269	13.424338
0.015867	0.000000	0.519363	0.519363	0.015867	8.883926	-10.291083	13.595239
0.015933	0.000000	0.555786	0.555786	0.015933	9.109763	-10.321059	13.766338
0.016000	0.000000	0.591841	0.591841	0.016000	9.334278	-10.350192	13.937547
0.016067	0.000000	0.627523	0.627523	0.016067	9.557462	-10.378476	14.108786
0.016133	0.000000	0.662826	0.662826	0.016133	9.779308	-10.405905	14.279977
0.016200	0.000000	0.697743	0.697743	0.016200	9.999809	-10.432475	14.451045
0.016267	0.000000	0.732270	0.732270	0.016267	10.218957	-10.458179	14.621921
0.016333	0.000000	0.766401	0.766401	0.016333	10.436745	-10.483012	14.792538
0.016400	0.000000	0.800130	0.800130	0.016400	10.653167	-10.506971	14.962835
0.016467	0.000000	0.833453	0.833453	0.016467	10.868217	-10.530051	15.132750
0.016533	0.000000	0.866364	0.866364	0.016533	11.081888	-10.552246	15.302227
0.016600	0.000000	0.898860	0.898860	0.016600	11.294175	-10.573554	15.471213
0.016667	0.000000	0.930934	0.930934	0.016667	11.505072	-10.593969	15.639657
0.016733	0.000000	0.962584	0.962584	0.016733	11.714574	-10.613489	15.807510
0.016800	0.000000	0.993805	0.993805	0.016800	11.922676	-10.632108	15.974727
0.016867	0.000000	1.024592	1.024592	0.016867	12.129372	-10.649825	16.141265
0.016933	0.000000	1.054942	1.054942	0.016933	12.334660	-10.666635	16.307082
0.017000	0.000000	1.084851	1.084851	0.017000	12.538534	-10.682535	16.472140
0.017067	0.000000	1.114315	1.114315	0.017067	12.740990	-10.697523	16.636400
0.017133	0.000000	1.143331	1.143331	0.017133	12.942024	-10.711596	16.799830
0.017200	0.000000	1.171895	1.171895	0.017200	13.141634	-10.724751	16.962395
0.017267	0.000000	1.200005	1.200005	0.017267	13.339815	-10.736986	17.124063
0.017333	0.000000	1.227658	1.227658	0.017333	13.536565	-10.748299	17.284807
0.017400	0.000000	1.254850	1.254850	0.017400	13.731881	-10.758688	17.444596
0.017467	0.000000	1.281580	1.281580	0.017467	13.925761	-10.768150	17.603405
0.017533	0.000000	1.307844	1.307844	0.017533	14.118201	-10.776685	17.761209
0.017600	0.000000	1.333641	1.333641	0.017600	14.309201	-10.784291	17.917984
0.017667	0.000000	1.358967	1.358967	0.017667	14.498758	-10.790966	18.073708
0.017733	0.000000	1.383822	1.383822	0.017733	14.686870	-10.796709	18.228359
0.017800	0.000000	1.408203	1.408203	0.017800	14.873537	-10.801520	18.381919
0.017867	0.000000	1.432108	1.432108	0.017867	15.058757	-10.805398	18.534367
0.017933	0.000000	1.455537	1.455537	0.017933	15.242529	-10.808341	18.685688
0.018000	0.000000	1.478487	1.478487	0.018000	15.424852	-10.810351	18.835863
0.018067	0.000000	1.500957	1.500957	0.018067	15.605726	-10.811426	18.984879
0.018133	0.000000	1.522946	1.522946	0.018133	15.785151	-10.811566	19.132720
0.018200	0.000000	1.544454	1.544454	0.018200	15.963127	-10.810772	19.279373
0.018267	0.000000	1.565479	1.565479	0.018267	16.139653	-10.809043	19.424825
0.018333	0.000000	1.586021	1.586021	0.018333	16.314730	-10.806381	19.569065
0.018400	0.000000	1.606079	1.606079	0.018400	16.488359	-10.802786	19.712082
0.018467	0.000000	1.625652	1.625652	0.018467	16.660541	-10.798258	19.853866
0.018533	0.000000	1.644741	1.644741	0.018533	16.831276	-10.792798	19.994407
0.018600	0.000000	1.663345	1.663345	0.018600	17.000565	-10.786408	20.133698
0.018667	0.000000	1.681465	1.681465	0.018667	17.168410	-10.779088	20.271730
0.018733	0.000000	1.699100	1.699100	0.018733	17.334813	-10.770841	20.408497
0.018800	0.000000	1.716251	1.716251	0.018800	17.499775	-10.761667	20.543992
0.018867	0.000000	1.732917	1.732917	0.018867	17.663298	-10.751568	20.678208
0.018933	0.000000	1.749101	1.749101	0.018933	17.825384	-10.740546	20.811142
0.019000	0.000000	1.764801	1.764801	0.019000	17.986036	-10.728603	20.942789
0.019067	0.000000	1.780020	1.780020	0.019067	18.145255	-10.715741	21.073144
0.019133	0.000000	1.794757	1.794757	0.019133	18.303045	-10.701963	21.202204
0.019200	0.000000	1.809014	1.809014	0.019200	18.459408	-10.687270	21.329967
0.019267	0.000000	1.822792	1.822792	0.019267	18.614348	-10.671665	21.456430
0.019333	0.000000	1.836092	1.836092	0.019333	18.767867	-10.655151	21.581591
0.019400	0.000000	1.848915	1.848915	0.019400	18.919968	-10.637731	21.705449
0.019467	0.000000	1.861264	1.861264	0.019467	19.070656	-10.619407	21.828003
0.019533	0.000000	1.873138	1.873138	0.019533	19.219933	-10.600183	21.949253
0.019600	0.000000	1.884541	1.884541	0.019600	19.367804	-10.580061	22.069198
0.019667	0.000000	1.895474	1.895474	0.019667	19.514271	-10.559046	22.187840
0.019733	0.000000	1.905938	1.905938	0.019733	19.659341	-10.537140	22.305179
0.019800	0.000000	1.915936	1.915936	0.019800	19.803015	-10.514347	22.421215
0.019867	0.000000	1.925469	1.925469	0.019867	19.945300	-10.490670	22.535952
0.019933	0.000000	1.934540	1.934540	0.019933	20.086198	-10.466114	22.649391
0.020000	0.000000	1.943151	1.943151	0.020000	20.225716	-10.440681	22.761534
0.020067	0.000000	1.951305	1.951305	0.020067	20.363857	-10.414377	22.872383
0.020133	0.000000	1.959003	1.959003	0.020133	20.500626	-10.387205	22.981943
0.020200	0.000000	1.966248	1.966248	0.020200	20.636028	-10.359170	23.090216
0.020267	0.000000	1.973043	1.973043	0.020267	20.770069	-10.330275	23.197206
0.020333	0.000000	1.979390	1.979390	0.020333	20.902753	-10.300525	23.302916
0.020400	0.000000	1.985292	1.985292	0.020400	21.034086	-10.269924	23.407352
0.020467	0.000000	1.990752	1.990752	0.020467	21.164073	-10.238478	23.510517
0.020533	0.000000	1.995773	1.995773	0.020533	21.292720	-10.206191	23.612417
0.020600	0.000000	2.000358	2.000358	0.020600	21.420032	-10.173066	23.713056
0.020667	0.000000	2.004509	2.004509	0.020667	21.546014	-10.139111	23.812440
0.020733	0.000000	2.008230	2.008230	0.020733	21.670674	-10.104328	23.910574
0.020800	0.000000	2.011524	2.011524	0.020800	21.794016	-10.068724	24.007464
0.020867	0.000000	2.014393	2.014393	0.020867	21.916046	-10.032303	24.103115
0.020933	0.000000	2.016842	2.016842	0.020933	22.036771	-9.995070	24.197535
0.021000	0.000000	2.018874	2.018874	0.021000	22.156197	-9.957032	24.290729
0.021067	0.000000	2.020491	2.020491	0.021067	22.274329	-9.918192	24.382705
0.021133	0.000000	2.021698	2.021698	0.021133	22.391175	-9.878556	24.473467
0.021200	0.000000	2.022498	2.022498	0.021200	22.506741	-9.838131	24.563025
0.021267	0.000000	2.022894	2.022894	0.021267	22.621032	-9.796921	24.651384
0.021333	0.000000	2.022889	2.022889	0.021333	22.734056	-9.754932	24.738553
0.021400	0.000000	2.022489	2.022489	0.021400	22.845819	-9.712169	24.824538
0.021467	0.000000	2.021695	2.021695	0.021467	22.956327	-9.668639	24.909347
0.021533	0.000000	2.020512	2.020512	0.021533	23.065588	-9.624347	24.992987
0.021600	0.000000	2.018943	2.018943	0.021600	23.173608	-9.579298	25.075468
0.021667	0.000000	2.016993	2.016993	0.021667	23.280394	-9.533500	25.156796
0.021733	0.000000	2.014665	2.014665	0.021733	23.385953	-9.486957	25.236979
0.021800	0.000000	2.011962	2.011962	0.021800	23.490291	-9.439675	25.316027
0.021867	0.000000	2.008889	2.008889	0.021867	23.593415	-9.391662	25.393947
0.021933	0.000000	2.005450	2.005450	0.021933	23.695333	-9.342922	25.470748
0.022000	0.000000	2.001648	2.001648	0.022000	23.796052	-9.293461	25.546438
0.022067	0.000000	1.997487	1.997487	0.022067	23.895578	-9.243287	25.621026
0.022133	0.000000	1.992972	1.992972	0.022133	23.993918	-9.192405	25.694521
0.022200	0.000000	1.988106	1.988106	0.022200	24.091080	-9.140820	25.766931
0.022267	0.000000	1.982892	1.982892	0.022267	24.187071	-9.088541	25.838266
0.022333	0.000000	1.977336	1.977336	0.022333	24.281898	-9.035572	25.908534
0.022400	0.000000	1.971441	1.971441	0.022400	24.375568	-8.981921	25.977744
0.022467	0.000000	1.965212	1.965212	0.022467	24.468088	-8.927593	26.045906
0.022533	0.000000	1.958651	1.958651	0.022533	24.559465	-8.872594	26.113029
0.022600	0.000000	1.951764	1.951764	0.022600	24.649708	-8.816932	26.179121
0.022667	0.000000	1.944554	1.944554	0.022667	24.738822	-8.760613	26.244192
0.022733	0.000000	1.937025	1.937025	0.022733	24.826815	-8.703642	26.308252
0.022800	0.000000	1.929181	1.929181	0.022800	24.913694	-8.646027	26.371309
0.022867	0.000000	1.921027	1.921027	0.022867	24.999467	-8.587775	26.433374
0.022933	0.000000	1.912566	1.912566	0.022933	25.084141	-8.528890	26.494454
0.023000	0.000000	1.903803	1.903803	0.023000	25.167723	-8.469381	26.554561
0.023067	0.000000	1.894741	1.894741	0.023067	25.250221	-8.409253	26.613703
0.023133	0.000000	1.885385	1.885385	0.023133	25.331641	-8.348513	26.671889
0.023200	0.000000	1.875738	1.875738	0.023200	25.411990	-8.287168	26.729130
0.023267	0.000000	1.865805	1.865805	0.023267	25.491277	-8.225224	26.785434
0.023333	0.000000	1.855590	1.855590	0.023333	25.569508	-8.162688	26.840812
0.023400	0.000000	1.845096	1.845096	0.023400	25.646690	-8.099566	26.895272
0.023467	0.000000	1.834328	1.834328	0.023467	25.722830	-8.035864	26.948824
0.023533	0.000000	1.823290	1.823290	0.023533	25.797937	-7.971590	27.001478
0.023600	0.000000	1.811985	1.811985	0.023600	25.872016	-7.906751	27.053242
0.023667	0.000000	1.800418	1.800418	0.023667	25.945075	-7.841351	27.104127
0.023733	0.000000	1.788592	1.788592	0.023733	26.017121	-7.775399	27.154142
0.023800	0.000000	1.776512	1.776512	0.023800	26.088161	-7.708901	27.203296
0.023867	0.000000	1.764182	1.764182	0.023867	26.158203	-7.641863	27.251599
0.023933	0.000000	1.751605	1.751605	0.023933	26.227252	-7.574292	27.299060
0.024000	0.000000	1.738785	1.738785	0.024000	26.295317	-7.506194	27.345688
0.024067	0.000000	1.725726	1.725726	0.024067	26.362403	-7.437576	27.391492
0.024133	0.000000	1.712432	1.712432	0.024133	26.428519	-7.368445	27.436483
0.024200	0.000000	1.698907	1.698907	0.024200	26.493670	-7.298807	27.480668
0.024267	0.000000	1.685155	1.685155	0.024267	26.557863	-7.228669	27.524058
0.024333	0.000000	1.671179	1.671179	0.024333	26.621107	-7.158037	27.566661
0.024400	0.000000	1.656983	1.656983	0.024400	26.683406	-7.086917	27.608487
0.024467	0.000000	1.642571	1.642571	0.024467	26.744768	-7.015317	27.649544
0.024533	0.000000	1.627946	1.627946	0.024533	26.805199	-6.943242	27.689842
0.024600	0.000000	1.613113	1.613113	0.024600	26.864707	-6.870700	27.729389
0.024667	0.000000	1.598074	1.598074	0.024667	26.923297	-6.797696	27.768194
0.024733	0.000000	1.582834	1.582834	0.024733	26.980976	-6.724238	27.806266
0.024800	0.000000	1.567397	1.567397	0.024800	27.037751	-6.650331	27.843615
0.024867	0.000000	1.551765	1.551765	0.024867	27.093628	-6.575982	27.880248
0.024933	0.000000	1.535942	1.535942	0.024933	27.148613	-6.501197	27.916174
0.025000	0.000000	1.519932	1.519932	0.025000	27.202713	-6.425983	27.951402
0.025067	0.000000	1.503738	1.503738	0.025067	27.255934	-6.350346	27.985940
0.025133	0.000000	1.487364	1.487364	0.025133	27.308281	-6.274293	28.019796
0.025200	0.000000	1.470813	1.470813	0.025200	27.359762	-6.197830	28.052980
0.025267	0.000000	1.454089	1.454089	0.025267	27.410382	-6.120963	28.085499
0.025333	0.000000	1.437195	1.437195	0.025333	27.460148	-6.043698	28.117361
0.025400	0.000000	1.420134	1.420134	0.025400	27.509064	-5.966042	28.148575
0.025467	0.000000	1.402909	1.402909	0.025467	27.557138	-5.888001	28.179148
0.025533	0.000000	1.385525	1.385525	0.025533	27.604374	-5.809581	28.209089
0.025600	0.000000	1.367983	1.367983	0.025600	27.650779	-5.730789	28.238405
0.025667	0.000000	1.350288	1.350288	0.025667	27.696358	-5.651631	28.267104
0.025733	0.000000	1.332442	1.332442	0.025733	27.741117	-5.572112	28.295194
0.025800	0.000000	1.314449	1.314449	0.025800	27.785062	-5.492239	28.322683
0.025867	0.000000	1.296312	1.296312	0.025867	27.828197	-5.412019	28.349577
0.025933	0.000000	1.278033	1.278033	0.025933	27.870529	-5.331456	28.375884
0.026000	0.000000	1.259617	1.259617	0.026000	27.912062	-5.250558	28.401612
0.026067	0.000000	1.241065	1.241065	0.026067	27.952802	-5.169331	28.426768
0.026133	0.000000	1.222381	1.222381	0.026133	27.992755	-5.087779	28.451359
0.026200	0.000000	1.203568	1.203568	0.026200	28.031924	-5.005911	28.475392
0.026267	0.000000	1.184629	1.184629	0.026267	28.070316	-4.923730	28.498873
0.026333	0.000000	1.165566	1.165566	0.026333	28.107935	-4.841245	28.521810
0.026400	0.000000	1.146383	1.146383	0.026400	28.144786	-4.758459	28.544210
0.026467	0.000000	1.127083	1.127083	0.026467	28.180874	-4.675380	28.566078
0.026533	0.000000	1.107667	1.107667	0.026533	28.216203	-4.592013	28.587422
0.026600	0.000000	1.088140	1.088140	0.026600	28.250779	-4.508365	28.608248
0.026667	0.000000	1.068503	1.068503	0.026667	28.284605	-4.424440	28.628562
0.026733	0.000000	1.048760	1.048760	0.026733	28.317687	-4.340245	28.648370
0.026800	0.000000	1.028913	1.028913	0.026800	28.350029	-4.255786	28.667679
0.026867	0.000000	1.008964	1.008964	0.026867	28.381634	-4.171068	28.686495
0.026933	0.000000	0.988917	0.988917	0.026933	28.412508	-4.086097	28.704822
0.027000	0.000000	0.968773	0.968773	0.027000	28.442655	-4.000880	28.722668
0.027067	0.000000	0.948536	0.948536	0.027067	28.472078	-3.915421	28.740037
0.027133	0.000000	0.928209	0.928209	0.027133	28.500781	-3.829726	28.756936
0.027200	0.000000	0.907792	0.907792	0.027200	28.528769	-3.743802	28.773369
0.027267	0.000000	0.887290	0.887290	0.027267	28.556046	-3.657653	28.789341
0.027333	0.000000	0.866704	0.866704	0.027333	28.582614	-3.571286	28.804859
0.027400	0.000000	0.846037	0.846037	0.027400	28.608479	-3.484706	28.819928
0.027467	0.000000	0.825291	0.825291	0.027467	28.633642	-3.397918	28.834551
0.027533	0.000000	0.804469	0.804469	0.027533	28.658109	-3.310929	28.848734
0.027600	0.000000	0.783572	0.783572	0.027600	28.681881	-3.223743	28.862481
0.027667	0.000000	0.762604	0.762604	0.027667	28.704964	-3.136367	28.875798
0.027733	0.000000	0.741567	0.741567	0.027733	28.727359	-3.048805	28.888689
0.027800	0.000000	0.720462	0.720462	0.027800	28.749070	-2.961064	28.901157
0.027867	0.000000	0.699293	0.699293	0.027867	28.770100	-2.873149	28.913208
0.027933	0.000000	0.678060	0.678060	0.027933	28.790451	-2.785065	28.924845
0.028000	0.000000	0.656768	0.656768	0.028000	28.810128	-2.696818	28.936073
0.028067	0.000000	0.635417	0.635417	0.028067	28.829133	-2.608414	28.946895
0.028133	0.000000	0.614009	0.614009	0.028133	28.847468	-2.519857	28.957314
0.028200	0.000000	0.592548	0.592548	0.028200	28.865135	-2.431152	28.967336
0.028267	0.000000	0.571035	0.571035	0.028267	28.882139	-2.342307	28.976962
0.028333	0.000000	0.549471	0.549471	0.028333	28.898480	-2.253325	28.986197
0.028400	0.000000	0.527861	0.527861	0.028400	28.914161	-2.164213	28.995044
0.028467	0.000000	0.506204	0.506204	0.028467	28.929186	-2.074975	29.003505
0.028533	0.000000	0.484504	0.484504	0.028533	28.943554	-1.985616	29.011584
0.028600	0.000000	0.462762	0.462762	0.028600	28.957270	-1.896143	29.019284
0.028667	0.000000	0.440980	0.440980	0.028667	28.970334	-1.806561	29.026607
0.028733	0.000000	0.419161	0.419161	0.028733	28.982749	-1.716874	29.033557
0.028800	0.000000	0.397306	0.397306	0.028800	28.994517	-1.627089	29.040135
0.028867	0.000000	0.375417	0.375417	0.028867	29.005639	-1.537209	29.046344
0.028933	0.000000	0.353497	0.353497	0.028933	29.016116	-1.447242	29.052186
0.029000	0.000000	0.331547	0.331547	0.029000	29.025951	-1.357191	29.057663
0.029067	0.000000	0.309569	0.309569	0.029067	29.035145	-1.267062	29.062778
0.029133	0.000000	0.287565	0.287565	0.029133	29.043698	-1.176861	29.067532
0.029200	0.000000	0.265537	0.265537	0.029200	29.051613	-1.086592	29.071927
0.029267	0.000000	0.243486	0.243486	0.029267	29.058891	-0.996261	29.075964
0.029333	0.000000	0.221415	0.221415	0.029333	29.065532	-0.905873	29.079645
0.029400	0.000000	0.199326	0.199326	0.029400	29.071538	-0.815433	29.082972
0.029467	0.000000	0.177221	0.177221	0.029467	29.076909	-0.724947	29.085945
0.029533	0.000000	0.155100	0.155100	0.029533	29.081647	-0.634419	29.088566
0.029600	0.000000	0.132967	0.132967	0.029600	29.085751	-0.543855	29.090835
0.029667	0.000000	0.110823	0.110823	0.029667	29.089223	-0.453260	29.092754
0.029733	0.000000	0.088669	0.088669	0.029733	29.092063	-0.362639	29.094323
0.029800	0.000000	0.066508	0.066508	0.029800	29.094271	-0.271997	29.095543
0.029867	0.000000	0.044342	0.044342	0.029867	29.095848	-0.181340	29.096413
0.029933	0.000000	0.022172	0.022172	0.029933	29.096795	-0.090673	29.096936
0.030000	0.000000	6.833299e-009	6.833299e-009	0.030000	29.097110	4.535068e-008	29.097110
0.030067	0.000000	-0.022172	0.022172	0.030067	29.096795	0.090673	29.096936
0.030133	0.000000	-0.044342	0.044342	0.030133	29.095848	0.181340	29.096413
0.030200	0.000000	-0.066508	0.066508	0.030200	29.094271	0.271997	29.095543
0.030267	0.000000	-0.088669	0.088669	0.030267	29.092063	0.362639	29.094323
0.030333	0.000000	-0.110823	0.110823	0.030333	29.089223	0.453260	29.092754
0.030400	0.000000	-0.132967	0.132967	0.030400	29.085751	0.543855	29.090835
0.030467	0.000000	-0.155100	0.155100	0.030467	29.081647	0.634419	29.088566
0.030533	0.000000	-0.177221	0.177221	0.030533	29.076909	0.724947	29.085945
0.030600	0.000000	-0.199326	0.199326	0.030600	29.071538	0.815433	29.082972
0.030667	0.000000	-0.221415	0.221415	0.030667	29.065532	0.905873	29.079645
0.030733	0.000000	-0.243486	0.243486	0.030733	29.058891	0.996261	29.075964
0.030800	0.000000	-0.265537	0.265537	0.030800	29.051613	1.086592	29.071927
0.030867	0.000000	-0.287565	0.287565	0.030867	29.043698	1.176861	29.067532
0.030933	0.000000	-0.309569	0.309569	0.030933	29.035145	1.267062	29.062778
0.031000	0.000000	-0.331547	0.331547	0.031000	29.025951	1.357191	29.057663
0.031067	0.000000	-0.353497	0.353497	0.031067	29.016116	1.447242	29.052186
0.031133	0.000000	-0.375417	0.375417	0.031133	29.005639	1.537209	29.046344
0.031200	0.000000	-0.397306	0.397306	0.031200	28.994517	1.627089	29.040135
0.031267	0.000000	-0.419161	0.419161	0.031267	28.982749	1.716874	29.033557
0.031333	0.000000	-0.440980	0.440980	0.031333	28.970334	1.806561	29.026607
0.031400	0.000000	-0.462762	0.462762	0.031400	28.957270	1.896143	29.019284
0.031467	0.000000	-0.484504	0.484504	0.031467	28.943554	1.985616	29.011584
0.031533	0.000000	-0.506204	0.506204	0.031533	28.929186	2.074975	29.003505
0.031600	0.000000	-0.527861	0.527861	0.031600	28.914161	2.164213	28.995044
0.031667	0.000000	-0.549471	0.549471	0.031667	28.898480	2.253325	28.986197
0.031733	0.000000	-0.571035	0.571035	0.031733	28.882139	2.342307	28.976962
0.031800	0.000000	-0.592548	0.592548	0.031800	28.865135	2.431153	28.967336
0.031867	0.000000	-0.614009	0.614009	0.031867	28.847468	2.519857	28.957314
0.031933	0.000000	-0.635417	0.635417	0.031933	28.829133	2.608414	28.946895
0.032000	0.000000	-0.656768	0.656768	0.032000	28.810128	2.696819	28.936073
0.032067	0.000000	-0.678060	0.678060	0.032067	28.790451	2.785066	28.924845
0.032133	0.000000	-0.699293	0.699293	0.032133	28.770099	2.873149	28.913208
0.032200	0.000000	-0.720462	0.720462	0.032200	28.749070	2.961064	28.901157
0.032267	0.000000	-0.741567	0.741567	0.032267	28.727359	3.048805	28.888689
0.032333	0.000000	-0.762604	0.762604	0.032333	28.704964	3.136367	28.875798
0.032400	0.000000	-0.783572	0.783572	0.032400	28.681881	3.223743	28.862481
0.032467	0.000000	-0.804469	0.804469	0.032467	28.658109	3.310929	28.848734
0.032533	0.000000	-0.825291	0.825291	0.032533	28.633642	3.397918	28.834551
0.032600	0.000000	-0.846037	0.846037	0.032600	28.608479	3.484706	28.819927
0.032667	0.000000	-0.866704	0.866704	0.032667	28.582614	3.571286	28.804859
0.032733	0.000000	-0.887290	0.887290	0.032733	28.556046	3.657653	28.789341
0.032800	0.000000	-0.907792	0.907792	0.032800	28.528769	3.743802	28.773368
0.032867	0.000000	-0.928209	0.928209	0.032867	28.500781	3.829726	28.756935
0.032933	0.000000	-0.948536	0.948536	0.032933	28.472078	3.915421	28.740037
0.033000	0.000000	-0.968773	0.968773	0.033000	28.442655	4.000880	28.722668
0.033067	0.000000	-0.988917	0.988917	0.033067	28.412508	4.086097	28.704822
0.033133	0.000000	-1.008964	1.008964	0.033133	28.381634	4.171068	28.686495
0.033200	0.000000	-1.028913	1.028913	0.033200	28.350029	4.255786	28.667679
0.033267	0.000000	-1.048760	1.048760	0.033267	28.317687	4.340245	28.648370
0.033333	0.000000	-1.068503	1.068503	0.033333	28.284605	4.424440	28.628562
0.033400	0.000000	-1.088140	1.088140	0.033400	28.250779	4.508365	28.608248
0.033467	0.000000	-1.107667	1.107667	0.033467	28.216203	4.592013	28.587422
0.033533	0.000000	-1.127083	1.127083	0.033533	28.180874	4.675380	28.566078
0.033600	0.000000	-1.146383	1.146383	0.033600	28.144786	4.758459	28.544210
0.033667	0.000000	-1.165566	1.165566	0.033667	28.107935	4.841245	28.521810
0.033733	0.000000	-1.184629	1.184629	0.033733	28.070316	4.923731	28.498873
0.033800	0.000000	-1.203568	1.203568	0.033800	28.031924	5.005911	28.475391
0.033867	0.000000	-1.222381	1.222381	0.033867	27.992755	5.087779	28.451359
0.033933	0.000000	-1.241065	1.241065	0.033933	27.952802	5.169331	28.426768
0.034000	0.000000	-1.259617	1.259617	0.034000	27.912062	5.250558	28.401612
0.034067	0.000000	-1.278033	1.278033	0.034067	27.870529	5.331456	28.375884
0.034133	0.000000	-1.296312	1.296312	0.034133	27.828197	5.412019	28.349577
0.034200	0.000000	-1.314449	1.314449	0.034200	27.785062	5.492239	28.322682
0.034267	0.000000	-1.332442	1.332442	0.034267	27.741117	5.572112	28.295194
0.034333	0.000000	-1.350288	1.350288	0.034333	27.696358	5.651631	28.267104
0.034400	0.000000	-1.367983	1.367983	0.034400	27.650779	5.730789	28.238405
0.034467	0.000000	-1.385525	1.385525	0.034467	27.604374	5.809581	28.209089
0.034533	0.000000	-1.402909	1.402909	0.034533	27.557137	5.888001	28.179148
0.034600	0.000000	-1.420134	1.420134	0.034600	27.509064	5.966042	28.148575
0.034667	0.000000	-1.437195	1.437195	0.034667	27.460147	6.043698	28.117361
0.034733	0.000000	-1.454089	1.454089	0.034733	27.410382	6.120963	28.085499
0.034800	0.000000	-1.470813	1.470813	0.034800	27.359762	6.197830	28.052980
0.034867	0.000000	-1.487364	1.487364	0.034867	27.308281	6.274293	28.019796
0.034933	0.000000	-1.503738	1.503738	0.034933	27.255933	6.350347	27.985940
0.035000	0.000000	-1.519932	1.519932	0.035000	27.202713	6.425983	27.951401
0.035067	0.000000	-1.535942	1.535942	0.035067	27.148613	6.501197	27.916174
0.035133	0.000000	-1.551765	1.551765	0.035133	27.093628	6.575982	27.880248
0.035200	0.000000	-1.567397	1.567397	0.035200	27.037751	6.650331	27.843615
0.035267	0.000000	-1.582834	1.582834	0.035267	26.980976	6.724238	27.806266
0.035333	0.000000	-1.598074	1.598074	0.035333	26.923297	6.797696	27.768194
0.035400	0.000000	-1.613113	1.613113	0.035400	26.864707	6.870700	27.729389
0.035467	0.000000	-1.627946	1.627946	0.035467	26.805199	6.943243	27.689841
0.035533	0.000000	-1.642570	1.642570	0.035533	26.744768	7.015317	27.649544
0.035600	0.000000	-1.656983	1.656983	0.035600	26.683406	7.086917	27.608487
0.035667	0.000000	-1.671179	1.671179	0.035667	26.621106	7.158037	27.566661
0.035733	0.000000	-1.685155	1.685155	0.035733	26.557863	7.228669	27.524058
0.035800	0.000000	-1.698907	1.698907	0.035800	26.493670	7.298807	27.480668
0.035867	0.000000	-1.712432	1.712432	0.035867	26.428518	7.368445	27.436483
0.035933	0.000000	-1.725726	1.725726	0.035933	26.362403	7.437576	27.391492
0.036000	0.000000	-1.738785	1.738785	0.036000	26.295317	7.506194	27.345687
0.036067	0.000000	-1.751605	1.751605	0.036067	26.227252	7.574292	27.299059
0.036133	0.000000	-1.764182	1.764182	0.036133	26.158203	7.641863	27.251599
0.036200	0.000000	-1.776512	1.776512	0.036200	26.088161	7.708901	27.203296
0.036267	0.000000	-1.788592	1.788592	0.036267	26.017121	7.775399	27.154142
0.036333	0.000000	-1.800418	1.800418	0.036333	25.945075	7.841351	27.104127
0.036400	0.000000	-1.811985	1.811985	0.036400	25.872016	7.906751	27.053242
0.036467	0.000000	-1.823290	1.823290	0.036467	25.797937	7.971591	27.001478
0.036533	0.000000	-1.834328	1.834328	0.036533	25.722830	8.035864	26.948824
0.036600	0.000000	-1.845096	1.845096	0.036600	25.646690	8.099566	26.895272
0.036667	0.000000	-1.855590	1.855590	0.036667	25.569507	8.162688	26.840812
0.036733	0.000000	-1.865805	1.865805	0.036733	25.491277	8.225224	26.785434
0.036800	0.000000	-1.875738	1.875738	0.036800	25.411990	8.287168	26.729130
0.036867	0.000000	-1.885385	1.885385	0.036867	25.331640	8.348513	26.671889
0.036933	0.000000	-1.894741	1.894741	0.036933	25.250221	8.409253	26.613703
0.037000	0.000000	-1.903803	1.903803	0.037000	25.167723	8.469381	26.554561
0.037067	0.000000	-1.912566	1.912566	0.037067	25.084141	8.528890	26.494454
0.037133	0.000000	-1.921027	1.921027	0.037133	24.999467	8.587775	26.433374
0.037200	0.000000	-1.929181	1.929181	0.037200	24.913694	8.646028	26.371309
0.037267	0.000000	-1.937025	1.937025	0.037267	24.826815	8.703642	26.308252
0.037333	0.000000	-1.944553	1.944553	0.037333	24.738821	8.760613	26.244192
0.037400	0.000000	-1.951764	1.951764	0.037400	24.649707	8.816932	26.179121
0.037467	0.000000	-1.958651	1.958651	0.037467	24.559465	8.872594	26.113029
0.037533	0.000000	-1.965212	1.965212	0.037533	24.468088	8.927593	26.045906
0.037600	0.000000	-1.971441	1.971441	0.037600	24.375568	8.981921	25.977744
0.037667	0.000000	-1.977336	1.977336	0.037667	24.281898	9.035572	25.908534
0.037733	0.000000	-1.982892	1.982892	0.037733	24.187071	9.088541	25.838266
0.037800	0.000000	-1.988105	1.988105	0.037800	24.091080	9.140821	25.766931
0.037867	0.000000	-1.992972	1.992972	0.037867	23.993918	9.192405	25.694521
0.037933	0.000000	-1.997487	1.997487	0.037933	23.895577	9.243287	25.621026
0.038000	0.000000	-2.001648	2.001648	0.038000	23.796052	9.293461	25.546438
0.038067	0.000000	-2.005450	2.005450	0.038067	23.695333	9.342922	25.470748
0.038133	0.000000	-2.008889	2.008889	0.038133	23.593415	9.391662	25.393947
0.038200	0.000000	-2.011962	2.011962	0.038200	23.490290	9.439676	25.316027
0.038267	0.000000	-2.014665	2.014665	0.038267	23.385952	9.486957	25.236979
0.038333	0.000000	-2.016993	2.016993	0.038333	23.280394	9.533500	25.156795
0.038400	0.000000	-2.018943	2.018943	0.038400	23.173608	9.579298	25.075467
0.038467	0.000000	-2.020512	2.020512	0.038467	23.065588	9.624347	24.992987
0.038533	0.000000	-2.021695	2.021695	0.038533	22.956327	9.668639	24.909346
0.038600	0.000000	-2.022489	2.022489	0.038600	22.845819	9.712169	24.824537
0.038667	0.000000	-2.022889	2.022889	0.038667	22.734056	9.754932	24.738553
0.038733	0.000000	-2.022894	2.022894	0.038733	22.621032	9.796921	24.651384
0.038800	0.000000	-2.022498	2.022498	0.038800	22.506740	9.838131	24.563025
0.038867	0.000000	-2.021698	2.021698	0.038867	22.391175	9.878556	24.473467
0.038933	0.000000	-2.020491	2.020491	0.038933	22.274329	9.918192	24.382704
0.039000	0.000000	-2.018874	2.018874	0.039000	22.156197	9.957032	24.290729
0.039067	0.000000	-2.016842	2.016842	0.039067	22.036771	9.995070	24.197535
0.039133	0.000000	-2.014393	2.014393	0.039133	21.916046	10.032303	24.103115
0.039200	0.000000	-2.011523	2.011523	0.039200	21.794015	10.068724	24.007464
0.039267	0.000000	-2.008230	2.008230	0.039267	21.670673	10.104328	23.910574
0.039333	0.000000	-2.004509	2.004509	0.039333	21.546014	10.139111	23.812440
0.039400	0.000000	-2.000358	2.000358	0.039400	21.420031	10.173066	23.713056
0.039467	0.000000	-1.995773	1.995773	0.039467	21.292720	10.206191	23.612417
0.039533	0.000000	-1.990752	1.990752	0.039533	21.164073	10.238478	23.510517
0.039600	0.000000	-1.985292	1.985292	0.039600	21.034086	10.269924	23.407352
0.039667	0.000000	-1.979390	1.979390	0.039667	20.902753	10.300525	23.302916
0.039733	0.000000	-1.973043	1.973043	0.039733	20.770069	10.330275	23.197205
0.039800	0.000000	-1.966248	1.966248	0.039800	20.636028	10.359170	23.090216
0.039867	0.000000	-1.959003	1.959003	0.039867	20.500626	10.387205	22.981943
0.039933	0.000000	-1.951304	1.951304	0.039933	20.363857	10.414377	22.872383
0.040000	0.000000	-1.943151	1.943151	0.040000	20.225716	10.440681	22.761533
0.040067	0.000000	-1.934540	1.934540	0.040067	20.086198	10.466114	22.649391
0.040133	0.000000	-1.925469	1.925469	0.040133	19.945300	10.490670	22.535952
0.040200	0.000000	-1.915935	1.915935	0.040200	19.803015	10.514347	22.421215
0.040267	0.000000	-1.905938	1.905938	0.040267	19.659340	10.537140	22.305178
0.040333	0.000000	-1.895474	1.895474	0.040333	19.514271	10.559046	22.187840
0.040400	0.000000	-1.884541	1.884541	0.040400	19.367803	10.580061	22.069198
0.040467	0.000000	-1.873138	1.873138	0.040467	19.219933	10.600183	21.949253
0.040533	0.000000	-1.861263	1.861263	0.040533	19.070655	10.619407	21.828003
0.040600	0.000000	-1.848915	1.848915	0.040600	18.919968	10.637731	21.705449
0.040667	0.000000	-1.836092	1.836092	0.040667	18.767866	10.655151	21.581591
0.040733	0.000000	-1.822792	1.822792	0.040733	18.614347	10.671665	21.456429
0.040800	0.000000	-1.809014	1.809014	0.040800	18.459408	10.687270	21.329967
0.040867	0.000000	-1.794757	1.794757	0.040867	18.303045	10.701963	21.202204
0.040933	0.000000	-1.780020	1.780020	0.040933	18.145255	10.715741	21.073143
0.041000	0.000000	-1.764801	1.764801	0.041000	17.986035	10.728603	20.942788
0.041067	0.000000	-1.749101	1.749101	0.041067	17.825384	10.740546	20.811142
0.041133	0.000000	-1.732917	1.732917	0.041133	17.663298	10.751568	20.678208
0.041200	0.000000	-1.716251	1.716251	0.041200	17.499775	10.761666	20.543991
0.041267	0.000000	-1.699100	1.699100	0.041267	17.334813	10.770840	20.408497
0.041333	0.000000	-1.681465	1.681465	0.041333	17.168410	10.779088	20.271730
0.041400	0.000000	-1.663345	1.663345	0.041400	17.000565	10.786408	20.133698
0.041467	0.000000	-1.644741	1.644741	0.041467	16.831275	10.792798	19.994407
0.041533	0.000000	-1.625652	1.625652	0.041533	16.660541	10.798258	19.853866
0.041600	0.000000	-1.606078	1.606078	0.041600	16.488359	10.802786	19.712082
0.041667	0.000000	-1.586021	1.586021	0.041667	16.314730	10.806381	19.569065
0.041733	0.000000	-1.565479	1.565479	0.041733	16.139653	10.809043	19.424825
0.041800	0.000000	-1.544454	1.544454	0.041800	15.963126	10.810772	19.279372
0.041867	0.000000	-1.522946	1.522946	0.041867	15.785151	10.811566	19.132719
0.041933	0.000000	-1.500957	1.500957	0.041933	15.605726	10.811426	18.984878
0.042000	0.000000	-1.478487	1.478487	0.042000	15.424852	10.810351	18.835863
0.042067	0.000000	-1.455537	1.455537	0.042067	15.242528	10.808341	18.685687
0.042133	0.000000	-1.432108	1.432108	0.042133	15.058757	10.805397	18.534367
0.042200	0.000000	-1.408203	1.408203	0.042200	14.873537	10.801520	18.381919
0.042267	0.000000	-1.383822	1.383822	0.042267	14.686870	10.796709	18.228359
0.042333	0.000000	-1.358967	1.358967	0.042333	14.498758	10.790965	18.073708
0.042400	0.000000	-1.333640	1.333640	0.042400	14.309201	10.784290	17.917984
0.042467	0.000000	-1.307844	1.307844	0.042467	14.118201	10.776685	17.761209
0.042533	0.000000	-1.281580	1.281580	0.042533	13.925760	10.768150	17.603405
0.042600	0.000000	-1.254850	1.254850	0.042600	13.731881	10.758688	17.444596
0.042667	0.000000	-1.227658	1.227658	0.042667	13.536565	10.748299	17.284806
0.042733	0.000000	-1.200005	1.200005	0.042733	13.339815	10.736986	17.124063
0.042800	0.000000	-1.171895	1.171895	0.042800	13.141633	10.724751	16.962394
0.042867	0.000000	-1.143331	1.143331	0.042867	12.942024	10.711596	16.799829
0.042933	0.000000	-1.114315	1.114315	0.042933	12.740989	10.697523	16.636400
0.043000	0.000000	-1.084850	1.084850	0.043000	12.538533	10.682535	16.472139
0.043067	0.000000	-1.054942	1.054942	0.043067	12.334659	10.666635	16.307082
0.043133	0.000000	-1.024592	1.024592	0.043133	12.129372	10.649825	16.141265
0.043200	0.000000	-0.993805	0.993805	0.043200	11.922675	10.632108	15.974727
0.043267	0.000000	-0.962584	0.962584	0.043267	11.714573	10.613488	15.807510
0.043333	0.000000	-0.930934	0.930934	0.043333	11.505071	10.593969	15.639656
0.043400	0.000000	-0.898860	0.898860	0.043400	11.294174	10.573554	15.471213
0.043467	0.000000	-0.866364	0.866364	0.043467	11.081888	10.552246	15.302227
0.043533	0.000000	-0.833453	0.833453	0.043533	10.868216	10.530051	15.132749
0.043600	0.000000	-0.800130	0.800130	0.043600	10.653167	10.506971	14.962834
0.043667	0.000000	-0.766400	0.766400	0.043667	10.436745	10.483012	14.792538
0.043733	0.000000	-0.732270	0.732270	0.043733	10.218956	10.458179	14.621921
0.043800	0.000000	-0.697743	0.697743	0.043800	9.999808	10.432475	14.451045
0.043867	0.000000	-0.662826	0.662826	0.043867	9.779308	10.405905	14.279977
0.043933	0.000000	-0.627523	0.627523	0.043933	9.557462	10.378476	14.108786
0.044000	0.000000	-0.591841	0.591841	0.044000	9.334278	10.350192	13.937547
0.044067	0.000000	-0.555786	0.555786	0.044067	9.109763	10.321059	13.766337
0.044133	0.000000	-0.519363	0.519363	0.044133	8.883925	10.291083	13.595239
0.044200	0.000000	-0.482579	0.482579	0.044200	8.656773	10.260269	13.424338
0.044267	0.000000	-0.445439	0.445439	0.044267	8.428315	10.228623	13.253725
0.044333	0.000000	-0.407952	0.407952	0.044333	8.198560	10.196153	13.083498
0.044400	0.000000	-0.370122	0.370122	0.044400	7.967517	10.162863	12.913757
0.044467	0.000000	-0.331958	0.331958	0.044467	7.735194	10.128761	12.744608
0.044533	0.000000	-0.293466	0.293466	0.044533	7.501602	10.093854	12.576165
0.044600	0.000000	-0.254653	0.254653	0.044600	7.266751	10.058149	12.408547
0.044667	0.000000	-0.215527	0.215527	0.044667	7.030650	10.021652	12.241877
0.044733	0.000000	-0.176094	0.176094	0.044733	6.793309	9.984371	12.076288
0.044800	0.000000	-0.136364	0.136364	0.044800	6.554740	9.946314	11.911918
0.044867	0.000000	-0.096342	0.096342	0.044867	6.314954	9.907489	11.748913
0.044933	0.000000	-0.056038	0.056038	0.044933	6.073960	9.867902	11.587428
0.045000	0.000000	-0.015459	0.015459	0.045000	5.831772	9.827562	11.427622
0.045067	0.000000	0.025386	0.025386	0.045067	5.588400	9.786478	11.269665
0.045133	0.000000	0.066489	0.066489	0.045133	5.343856	9.744657	11.113736
0.045200	0.000000	0.107843	0.107843	0.045200	5.098154	9.702108	10.960022
0.045267	0.000000	0.149437	0.149437	0.045267	4.851304	9.658840	10.808716
0.045333	0.000000	0.191264	0.191264	0.045333	4.603321	9.614862	10.660025
0.045400	0.000000	0.233314	0.233314	0.045400	4.354217	9.570182	10.514161
0.045467	0.000000	0.275578	0.275578	0.045467	4.104005	9.524810	10.371348
0.045533	0.000000	0.318048	0.318048	0.045533	3.852699	9.478755	10.231818
0.045600	0.000000	0.360714	0.360714	0.045600	3.600313	9.432027	10.095810
0.045667	0.000000	0.403566	0.403566	0.045667	3.346860	9.384635	9.963576
0.045733	0.000000	0.446596	0.446596	0.045733	3.092356	9.336588	9.835372
0.045800	0.000000	0.489793	0.489793	0.045800	2.836815	9.287897	9.711465
0.045867	0.000000	0.533148	0.533148	0.045867	2.580251	9.238572	9.592128
0.045933	0.000000	0.576650	0.576650	0.045933	2.322680	9.188623	9.477639
0.046000	0.000000	0.620291	0.620291	0.046000	2.064117	9.138060	9.368283
0.046067	0.000000	0.664059	0.664059	0.046067	1.804578	9.086894	9.264348
0.046133	0.000000	0.707945	0.707945	0.046133	1.544079	9.035134	9.166124
0.046200	0.000000	0.751938	0.751938	0.046200	1.282635	8.982793	9.073903
0.046267	0.000000	0.796028	0.796028	0.046267	1.020264	8.929880	8.987975
0.046333	0.000000	0.840205	0.840205	0.046333	0.756981	8.876407	8.908626
0.046400	0.000000	0.884457	0.884457	0.046400	0.492805	8.822384	8.836137
0.046467	0.000000	0.928775	0.928775	0.046467	0.227750	8.767824	8.770781
0.046533	0.000000	0.973147	0.973147	0.046533	-0.038164	8.712736	8.712819
0.046600	0.000000	1.017562	1.017562	0.046600	-0.304920	8.657132	8.662501
0.046667	0.000000	1.062010	1.062010	0.046667	-0.572501	8.601025	8.620057
0.046733	0.000000	1.106480	1.106480	0.046733	-0.840888	8.544425	8.585702
0.046800	0.000000	1.150960	1.150960	0.046800	-1.110064	8.487343	8.559629
0.046867	0.000000	1.195439	1.195439	0.046867	-1.380009	8.429793	8.542004
0.046933	0.000000	1.239907	1.239907	0.046933	-1.650706	8.371786	8.532973
0.047000	0.000000	1.284352	1.284352	0.047000	-1.922134	8.313333	8.532649
0.047067	0.000000	1.328762	1.328762	0.047067	-2.194276	8.254446	8.541120
0.047133	0.000000	1.373127	1.373127	0.047133	-2.467110	8.195139	8.558442
0.047200	0.000000	1.417434	1.417434	0.047200	-2.740619	8.135422	8.584642
0.047267	0.000000	1.461673	1.461673	0.047267	-3.014782	8.075308	8.619717
0.047333	0.000000	1.505831	1.505831	0.047333	-3.289579	8.014810	8.663631
0.047400	0.000000	1.549898	1.549898	0.047400	-3.564990	7.953939	8.716324
0.047467	0.000000	1.593861	1.593861	0.047467	-3.840995	7.892709	8.777705
0.047533	0.000000	1.637710	1.637710	0.047533	-4.117572	7.831131	8.847656
0.047600	0.000000	1.681431	1.681431	0.047600	-4.394702	7.769219	8.926039
0.047667	0.000000	1.725014	1.725014	0.047667	-4.672363	7.706984	9.012690
0.047733	0.000000	1.768448	1.768448	0.047733	-4.950534	7.644439	9.107428
0.047800	0.000000	1.811719	1.811719	0.047800	-5.229194	7.581598	9.210054
0.047867	0.000000	1.854817	1.854817	0.047867	-5.508320	7.518472	9.320355
0.047933	0.000000	1.897730	1.897730	0.047933	-5.787893	7.455074	9.438106
0.048000	0.000000	1.940446	1.940446	0.048000	-6.067888	7.391418	9.563071
0.048067	0.000000	1.982953	1.982953	0.048067	-6.348286	7.327515	9.695010
0.048133	0.000000	2.025240	2.025240	0.048133	-6.629062	7.263379	9.833674
0.048200	0.000000	2.067295	2.067295	0.048200	-6.910196	7.199023	9.978814
0.048267	0.000000	2.109106	2.109106	0.048267	-7.191664	7.134458	10.130179
0.048333	0.000000	2.150662	2.150662	0.048333	-7.473444	7.069698	10.287517
0.048400	0.000000	2.191950	2.191950	0.048400	-7.755513	7.004757	10.450579
0.048467	0.000000	2.232960	2.232960	0.048467	-8.037848	6.939645	10.619118
0.048533	0.000000	2.273679	2.273679	0.048533	-8.320425	6.874377	10.792893
0.048600	0.000000	2.314097	2.314097	0.048600	-8.603222	6.808965	10.971666
0.048667	0.000000	2.354201	2.354201	0.048667	-8.886216	6.743422	11.155204
0.048733	0.000000	2.393980	2.393980	0.048733	-9.169382	6.677761	11.343282
0.048800	0.000000	2.433422	2.433422	0.048800	-9.452697	6.611994	11.535681
0.048867	0.000000	2.472517	2.472517	0.048867	-9.736138	6.546133	11.732188
0.048933	0.000000	2.511253	2.511253	0.048933	-10.019680	6.480192	11.932597
0.049000	0.000000	2.549618	2.549618	0.049000	-10.303299	6.414184	12.136710
0.049067	0.000000	2.587602	2.587602	0.049067	-10.586972	6.348120	12.344334
0.049133	0.000000	2.625192	2.625192	0.049133	-10.870673	6.282013	12.555287
0.049200	0.000000	2.662380	2.662380	0.049200	-11.154380	6.215876	12.769390
0.049267	0.000000	2.699152	2.699152	0.049267	-11.438067	6.149722	12.986472
0.049333	0.000000	2.735498	2.735498	0.049333	-11.721710	6.083561	13.206370
0.049400	0.000000	2.771408	2.771408	0.049400	-12.005284	6.017408	13.428926
0.049467	0.000000	2.806871	2.806871	0.049467	-12.288765	5.951273	13.653988
0.049533	0.000000	2.841875	2.841875	0.049533	-12.572128	5.885170	13.881413
0.049600	0.000000	2.876411	2.876411	0.049600	-12.855348	5.819109	14.111060
0.049667	0.000000	2.910468	2.910468	0.049667	-13.138400	5.753104	14.342795
0.049733	0.000000	2.944035	2.944035	0.049733	-13.421260	5.687167	14.576490
0.049800	0.000000	2.977103	2.977103	0.049800	-13.703901	5.621308	14.812022
0.049867	0.000000	3.009661	3.009661	0.049867	-13.986300	5.555540	15.049273
0.049933	0.000000	3.041699	3.041699	0.049933	-14.268431	5.489874	15.288127
0.050000	0.000000	3.073208	3.073208	0.050000	-14.550268	5.424322	15.528477
0.050067	0.000000	3.104177	3.104177	0.050067	-14.831788	5.358896	15.770215
0.050133	0.000000	3.134596	3.134596	0.050133	-15.112963	5.293606	16.013242
0.050200	0.000000	3.164457	3.164457	0.050200	-15.393770	5.228465	16.257460
0.050267	0.000000	3.193750	3.193750	0.050267	-15.674182	5.163482	16.502774
0.050333	0.000000	3.222465	3.222465	0.050333	-15.954175	5.098670	16.749093
0.050400	0.000000	3.250593	3.250593	0.050400	-16.233722	5.034039	16.996332
0.050467	0.000000	3.278126	3.278126	0.050467	-16.512799	4.969600	17.244404
0.050533	0.000000	3.305054	3.305054	0.050533	-16.791380	4.905363	17.493228
0.050600	0.000000	3.331369	3.331369	0.050600	-17.069440	4.841339	17.742727
0.050667	0.000000	3.357062	3.357062	0.050667	-17.346953	4.777539	17.992822
0.050733	0.000000	3.382125	3.382125	0.050733	-17.623894	4.713973	18.243442
0.050800	0.000000	3.406550	3.406550	0.050800	-17.900237	4.650650	18.494513
0.050867	0.000000	3.430328	3.430328	0.050867	-18.175956	4.587582	18.745967
0.050933	0.000000	3.453451	3.453451	0.050933	-18.451027	4.524777	18.997737
0.051000	0.000000	3.475912	3.475912	0.051000	-18.725425	4.462246	19.249757
0.051067	0.000000	3.497703	3.497703	0.051067	-18.999122	4.399997	19.501965
0.051133	0.000000	3.518817	3.518817	0.051133	-19.272095	4.338041	19.754297
0.051200	0.000000	3.539246	3.539246	0.051200	-19.544318	4.276387	20.006695
0.051267	0.000000	3.558984	3.558984	0.051267	-19.815765	4.215044	20.259100
0.051333	0.000000	3.578022	3.578022	0.051333	-20.086412	4.154020	20.511456
0.051400	0.000000	3.596356	3.596356	0.051400	-20.356232	4.093325	20.763706
0.051467	0.000000	3.613977	3.613977	0.051467	-20.625201	4.032967	21.015798
0.051533	0.000000	3.630880	3.630880	0.051533	-20.893294	3.972955	21.267677
0.051600	0.000000	3.647059	3.647059	0.051600	-21.160485	3.913296	21.519294
0.051667	0.000000	3.662507	3.662507	0.051667	-21.426750	3.854000	21.770597
0.051733	0.000000	3.677218	3.677218	0.051733	-21.692062	3.795074	22.021538
0.051800	0.000000	3.691188	3.691188	0.051800	-21.956399	3.736525	22.272069
0.051867	0.000000	3.704411	3.704411	0.051867	-22.219733	3.678362	22.522142
0.051933	0.000000	3.716880	3.716880	0.051933	-22.482042	3.620591	22.771712
0.052000	0.000000	3.728592	3.728592	0.052000	-22.743299	3.563221	23.020734
0.052067	0.000000	3.739542	3.739542	0.052067	-23.003481	3.506258	23.269164
0.052133	0.000000	3.749724	3.749724	0.052133	-23.262562	3.449708	23.516957
0.052200	0.000000	3.759135	3.759135	0.052200	-23.520518	3.393580	23.764073
0.052267	0.000000	3.767770	3.767770	0.052267	-23.777326	3.337878	24.010470
0.052333	0.000000	3.775626	3.775626	0.052333	-24.032959	3.282610	24.256106
0.052400	0.000000	3.782697	3.782697	0.052400	-24.287395	3.227782	24.500941
0.052467	0.000000	3.788982	3.788982	0.052467	-24.540609	3.173399	24.744937
0.052533	0.000000	3.794475	3.794475	0.052533	-24.792576	3.119468	24.988055
0.052600	0.000000	3.799175	3.799175	0.052600	-25.043274	3.065993	25.230257
0.052667	0.000000	3.803078	3.803078	0.052667	-25.292678	3.012981	25.471505
0.052733	0.000000	3.806181	3.806181	0.052733	-25.540764	2.960436	25.711764
0.052800	0.000000	3.808482	3.808482	0.052800	-25.787509	2.908364	25.950996
0.052867	0.000000	3.809979	3.809979	0.052867	-26.032889	2.856769	26.189166
0.052933	0.000000	3.810669	3.810669	0.052933	-26.276881	2.805655	26.426241
0.053000	0.000000	3.810550	3.810550	0.053000	-26.519462	2.755028	26.662184
0.053067	0.000000	3.809621	3.809621	0.053067	-26.760609	2.704891	26.896963
0.053133	0.000000	3.807880	3.807880	0.053133	-27.000297	2.655249	27.130544
0.053200	0.000000	3.805326	3.805326	0.053200	-27.238506	2.606104	27.362894
0.053267	0.000000	3.801958	3.801958	0.053267	-27.475212	2.557461	27.593982
0.053333	0.000000	3.797774	3.797774	0.053333	-27.710391	2.509324	27.823776
0.053400	0.000000	3.792775	3.792775	0.053400	-27.944023	2.461694	28.052243
0.053467	0.000000	3.786960	3.786960	0.053467	-28.176084	2.414576	28.279355
0.053533	0.000000	3.780329	3.780329	0.053533	-28.406553	2.367972	28.505079
0.053600	0.000000	3.772882	3.772882	0.053600	-28.635407	2.321884	28.729387
0.053667	0.000000	3.764618	3.764618	0.053667	-28.862624	2.276315	28.952248
0.053733	0.000000	3.755539	3.755539	0.053733	-29.088183	2.231268	29.173634
0.053800	0.000000	3.745645	3.745645	0.053800	-29.312062	2.186743	29.393517
0.053867	0.000000	3.734937	3.734937	0.053867	-29.534240	2.142744	29.611868
0.053933	0.000000	3.723416	3.723416	0.053933	-29.754696	2.099271	29.828658
0.054000	0.000000	3.711083	3.711083	0.054000	-29.973408	2.056326	30.043862
0.054067	0.000000	3.697941	3.697941	0.054067	-30.190355	2.013910	30.257452
0.054133	0.000000	3.683990	3.683990	0.054133	-30.405518	1.972023	30.469401
0.054200	0.000000	3.669232	3.669232	0.054200	-30.618874	1.930668	30.679683
0.054267	0.000000	3.653670	3.653670	0.054267	-30.830404	1.889844	30.888272
0.054333	0.000000	3.637307	3.637307	0.054333	-31.040088	1.849551	31.095143
0.054400	0.000000	3.620144	3.620144	0.054400	-31.247906	1.809791	31.300271
0.054467	0.000000	3.602185	3.602185	0.054467	-31.453837	1.770562	31.503631
0.054533	0.000000	3.583432	3.583432	0.054533	-31.657863	1.731864	31.705199
0.054600	0.000000	3.563889	3.563889	0.054600	-31.859962	1.693698	31.904950
0.054667	0.000000	3.543559	3.543559	0.054667	-32.060117	1.656063	32.102861
0.054733	0.000000	3.522446	3.522446	0.054733	-32.258308	1.618957	32.298908
0.054800	0.000000	3.500554	3.500554	0.054800	-32.454517	1.582380	32.493070
0.054867	0.000000	3.477886	3.477886	0.054867	-32.648724	1.546331	32.685322
0.054933	0.000000	3.454448	3.454448	0.054933	-32.840910	1.510808	32.875643
0.055000	0.000000	3.430242	3.430242	0.055000	-33.031059	1.475809	33.064011
0.055067	0.000000	3.405275	3.405275	0.055067	-33.219150	1.441333	33.250404
0.055133	0.000000	3.379550	3.379550	0.055133	-33.405167	1.407379	33.434801
0.055200	0.000000	3.353074	3.353074	0.055200	-33.589092	1.373943	33.617181
0.055267	0.000000	3.325851	3.325851	0.055267	-33.770907	1.341023	33.797523
0.055333	0.000000	3.297886	3.297886	0.055333	-33.950595	1.308617	33.975806
0.055400	0.000000	3.269185	3.269185	0.055400	-34.128139	1.276723	34.152012
0.055467	0.000000	3.239755	3.239755	0.055467	-34.303522	1.245337	34.326119
0.055533	0.000000	3.209600	3.209600	0.055533	-34.476727	1.214457	34.498110
0.055600	0.000000	3.178728	3.178728	0.055600	-34.647737	1.184078	34.667964
0.055667	0.000000	3.147144	3.147144	0.055667	-34.816537	1.154198	34.835663
0.055733	0.000000	3.114856	3.114856	0.055733	-34.983110	1.124814	35.001188
0.055800	0.000000	3.081869	3.081869	0.055800	-35.147441	1.095921	35.164522
0.055867	0.000000	3.048191	3.048191	0.055867	-35.309513	1.067516	35.325647
0.055933	0.000000	3.013829	3.013829	0.055933	-35.469312	1.039594	35.484544
0.056000	0.000000	2.978791	2.978791	0.056000	-35.626822	1.012151	35.641197
0.056067	0.000000	2.943083	2.943083	0.056067	-35.782029	0.985183	35.795589
0.056133	0.000000	2.906713	2.906713	0.056133	-35.934917	0.958685	35.947703
0.056200	0.000000	2.869690	2.869690	0.056200	-36.085472	0.932653	36.097523
0.056267	0.000000	2.832020	2.832020	0.056267	-36.233680	0.907081	36.245033
0.056333	0.000000	2.793713	2.793713	0.056333	-36.379527	0.881965	36.390216
0.056400	0.000000	2.754776	2.754776	0.056400	-36.522999	0.857300	36.533059
0.056467	0.000000	2.715218	2.715218	0.056467	-36.664082	0.833079	36.673545
0.056533	0.000000	2.675048	2.675048	0.056533	-36.802763	0.809298	36.811660
0.056600	0.000000	2.634274	2.634274	0.056600	-36.939028	0.785950	36.947389
0.056667	0.000000	2.592905	2.592905	0.056667	-37.072866	0.763031	37.080718
0.056733	0.000000	2.550951	2.550951	0.056733	-37.204263	0.740534	37.211632
0.056800	0.000000	2.508420	2.508420	0.056800	-37.333207	0.718453	37.340119
0.056867	0.000000	2.465322	2.465322	0.056867	-37.459685	0.696782	37.466165
0.056933	0.000000	2.421667	2.421667	0.056933	-37.583686	0.675514	37.589756
0.057000	0.000000	2.377463	2.377463	0.057000	-37.705198	0.654643	37.710880
0.057067	0.000000	2.332722	2.332722	0.057067	-37.824209	0.634163	37.829525
0.057133	0.000000	2.287452	2.287452	0.057133	-37.940709	0.614066	37.945678
0.057200	0.000000	2.241664	2.241664	0.057200	-38.054686	0.594346	38.059327
0.057267	0.000000	2.195368	2.195368	0.057267	-38.166129	0.574996	38.170460
0.057333	0.000000	2.148574	2.148574	0.057333	-38.275029	0.556008	38.279067
0.057400	0.000000	2.101293	2.101293	0.057400	-38.381374	0.537375	38.385135
0.057467	0.000000	2.053536	2.053536	0.057467	-38.485154	0.519091	38.488655
0.057533	0.000000	2.005313	2.005313	0.057533	-38.586361	0.501147	38.589615
0.057600	0.000000	1.956635	1.956635	0.057600	-38.684984	0.483536	38.688006
0.057667	0.000000	1.907512	1.907512	0.057667	-38.781014	0.466250	38.783817
0.057733	0.000000	1.857956	1.857956	0.057733	-38.874442	0.449282	38.877038
0.057800	0.000000	1.807979	1.807979	0.057800	-38.965259	0.432624	38.967661
0.057867	0.000000	1.757590	1.757590	0.057867	-39.053457	0.416267	39.055676
0.057933	0.000000	1.706802	1.706802	0.057933	-39.139028	0.400203	39.141074
0.058000	0.000000	1.655626	1.655626	0.058000	-39.221962	0.384425	39.223846
0.058067	0.000000	1.604074	1.604074	0.058067	-39.302254	0.368923	39.303985
0.058133	0.000000	1.552157	1.552157	0.058133	-39.379894	0.353690	39.381482
0.058200	0.000000	1.499887	1.499887	0.058200	-39.454876	0.338718	39.456330
0.058267	0.000000	1.447276	1.447276	0.058267	-39.527193	0.323997	39.528521
0.058333	0.000000	1.394335	1.394335	0.058333	-39.596838	0.309519	39.598047
0.058400	0.000000	1.341077	1.341077	0.058400	-39.663803	0.295275	39.664903
0.058467	0.000000	1.287514	1.287514	0.058467	-39.728084	0.281257	39.729080
0.058533	0.000000	1.233658	1.233658	0.058533	-39.789675	0.267455	39.790573
0.058600	0.000000	1.179520	1.179520	0.058600	-39.848568	0.253861	39.849376
0.058667	0.000000	1.125115	1.125115	0.058667	-39.904759	0.240466	39.905483
0.058733	0.000000	1.070453	1.070453	0.058733	-39.958242	0.227261	39.958889
0.058800	0.000000	1.015547	1.015547	0.058800	-40.009013	0.214236	40.009587
0.058867	0.000000	0.960410	0.960410	0.058867	-40.057067	0.201382	40.057573
0.058933	0.000000	0.905053	0.905053	0.058933	-40.102399	0.188691	40.102842
0.059000	0.000000	0.849491	0.849491	0.059000	-40.145004	0.176153	40.145391
0.059067	0.000000	0.793735	0.793735	0.059067	-40.184880	0.163758	40.185214
0.059133	0.000000	0.737799	0.737799	0.059133	-40.222022	0.151498	40.222307
0.059200	0.000000	0.681694	0.681694	0.059200	-40.256426	0.139362	40.256667
0.059267	0.000000	0.625433	0.625433	0.059267	-40.288090	0.127342	40.288292
0.059333	0.000000	0.569030	0.569030	0.059333	-40.317011	0.115427	40.317176
0.059400	0.000000	0.512498	0.512498	0.059400	-40.343185	0.103609	40.343318
0.059467	0.000000	0.455848	0.455848	0.059467	-40.366611	0.091878	40.366716
0.059533	0.000000	0.399095	0.399095	0.059533	-40.387286	0.080224	40.387366
0.059600	0.000000	0.342251	0.342251	0.059600	-40.405208	0.068638	40.405267
0.059667	0.000000	0.285328	0.285328	0.059667	-40.420376	0.057109	40.420416
0.059733	0.000000	0.228341	0.228341	0.059733	-40.432788	0.045629	40.432814
0.059800	0.000000	0.171301	0.171301	0.059800	-40.442443	0.034188	40.442457
0.059867	0.000000	0.114222	0.114222	0.059867	-40.449340	0.022776	40.449346
0.059933	0.000000	0.057118	0.057118	0.059933	-40.453479	0.011383	40.453480
0.060000	0.000000	-8.022303e-008	8.022303e-008	0.060000	-40.454858	2.812874e-008	40.454858
0.060067	0.000000	-0.057118	0.057118	0.060067	-40.453479	-0.011383	40.453480
0.060133	0.000000	-0.114223	0.114223	0.060133	-40.449340	-0.022776	40.449346
0.060200	0.000000	-0.171301	0.171301	0.060200	-40.442443	-0.034188	40.442457
0.060267	0.000000	-0.228341	0.228341	0.060267	-40.432788	-0.045629	40.432814
0.060333	0.000000	-0.285328	0.285328	0.060333	-40.420376	-0.057109	40.420416
0.060400	0.000000	-0.342251	0.342251	0.060400	-40.405208	-0.068638	40.405267
0.060467	0.000000	-0.399095	0.399095	0.060467	-40.387286	-0.080224	40.387366
0.060533	0.000000	-0.455849	0.455849	0.060533	-40.366611	-0.091878	40.366716
0.060600	0.000000	-0.512498	0.512498	0.060600	-40.343185	-0.103609	40.343318
0.060667	0.000000	-0.569031	0.569031	0.060667	-40.317011	-0.115427	40.317176
0.060733	0.000000	-0.625434	0.625434	0.060733	-40.288090	-0.127341	40.288291
0.060800	0.000000	-0.681694	0.681694	0.060800	-40.256426	-0.139362	40.256667
0.060867	0.000000	-0.737799	0.737799	0.060867	-40.222022	-0.151497	40.222307
0.060933	0.000000	-0.793736	0.793736	0.060933	-40.184880	-0.163758	40.185213
0.061000	0.000000	-0.849491	0.849491	0.061000	-40.145004	-0.176153	40.145391
0.061067	0.000000	-0.905054	0.905054	0.061067	-40.102398	-0.188691	40.102842
0.061133	0.000000	-0.960410	0.960410	0.061133	-40.057067	-0.201382	40.057573
0.061200	0.000000	-1.015547	1.015547	0.061200	-40.009013	-0.214236	40.009587
0.061267	0.000000	-1.070453	1.070453	0.061267	-39.958242	-0.227261	39.958888
0.061333	0.000000	-1.125115	1.125115	0.061333	-39.904759	-0.240466	39.905483
0.061400	0.000000	-1.179521	1.179521	0.061400	-39.848568	-0.253861	39.849376
0.061467	0.000000	-1.233658	1.233658	0.061467	-39.789674	-0.267455	39.790573
0.061533	0.000000	-1.287514	1.287514	0.061533	-39.728084	-0.281257	39.729080
0.061600	0.000000	-1.341077	1.341077	0.061600	-39.663803	-0.295275	39.664902
0.061667	0.000000	-1.394335	1.394335	0.061667	-39.596837	-0.309519	39.598047
0.061733	0.000000	-1.447276	1.447276	0.061733	-39.527193	-0.323997	39.528521
0.061800	0.000000	-1.499887	1.499887	0.061800	-39.454876	-0.338718	39.456330
0.061867	0.000000	-1.552157	1.552157	0.061867	-39.379894	-0.353690	39.381482
0.061933	0.000000	-1.604074	1.604074	0.061933	-39.302254	-0.368923	39.303985
0.062000	0.000000	-1.655626	1.655626	0.062000	-39.221962	-0.384424	39.223846
0.062067	0.000000	-1.706802	1.706802	0.062067	-39.139028	-0.400203	39.141074
0.062133	0.000000	-1.757590	1.757590	0.062133	-39.053457	-0.416266	39.055676
0.062200	0.000000	-1.807979	1.807979	0.062200	-38.965259	-0.432624	38.967661
0.062267	0.000000	-1.857956	1.857956	0.062267	-38.874442	-0.449282	38.877038
0.062333	0.000000	-1.907512	1.907512	0.062333	-38.781014	-0.466250	38.783816
0.062400	0.000000	-1.956635	1.956635	0.062400	-38.684984	-0.483536	38.688006
0.062467	0.000000	-2.005313	2.005313	0.062467	-38.586361	-0.501147	38.589615
0.062533	0.000000	-2.053536	2.053536	0.062533	-38.485154	-0.519091	38.488655
0.062600	0.000000	-2.101294	2.101294	0.062600	-38.381373	-0.537375	38.385135
0.062667	0.000000	-2.148574	2.148574	0.062667	-38.275028	-0.556008	38.279067
0.062733	0.000000	-2.195368	2.195368	0.062733	-38.166129	-0.574995	38.170460
0.062800	0.000000	-2.241664	2.241664	0.062800	-38.054686	-0.594346	38.059327
0.062867	0.000000	-2.287452	2.287452	0.062867	-37.940709	-0.614066	37.945678
0.062933	0.000000	-2.332722	2.332722	0.062933	-37.824209	-0.634163	37.829525
0.063000	0.000000	-2.377463	2.377463	0.063000	-37.705198	-0.654643	37.710880
0.063067	0.000000	-2.421667	2.421667	0.063067	-37.583686	-0.675514	37.589756
0.063133	0.000000	-2.465322	2.465322	0.063133	-37.459685	-0.696782	37.466165
0.063200	0.000000	-2.508420	2.508420	0.063200	-37.333206	-0.718453	37.340119
0.063267	0.000000	-2.550951	2.550951	0.063267	-37.204263	-0.740534	37.211632
0.063333	0.000000	-2.592906	2.592906	0.063333	-37.072866	-0.763031	37.080717
0.063400	0.000000	-2.634274	2.634274	0.063400	-36.939028	-0.785950	36.947389
0.063467	0.000000	-2.675048	2.675048	0.063467	-36.802762	-0.809298	36.811660
0.063533	0.000000	-2.715219	2.715219	0.063533	-36.664081	-0.833079	36.673545
0.063600	0.000000	-2.754776	2.754776	0.063600	-36.522999	-0.857299	36.533059
0.063667	0.000000	-2.793713	2.793713	0.063667	-36.379527	-0.881965	36.390216
0.063733	0.000000	-2.832020	2.832020	0.063733	-36.233680	-0.907081	36.245032
0.063800	0.000000	-2.869690	2.869690	0.063800	-36.085472	-0.932653	36.097523
0.063867	0.000000	-2.906713	2.906713	0.063867	-35.934917	-0.958685	35.947703
0.063933	0.000000	-2.943083	2.943083	0.063933	-35.782029	-0.985183	35.795589
0.064000	0.000000	-2.978791	2.978791	0.064000	-35.626822	-1.012151	35.641197
0.064067	0.000000	-3.013830	3.013830	0.064067	-35.469312	-1.039594	35.484544
0.064133	0.000000	-3.048191	3.048191	0.064133	-35.309513	-1.067516	35.325646
0.064200	0.000000	-3.081869	3.081869	0.064200	-35.147440	-1.095921	35.164522
0.064267	0.000000	-3.114856	3.114856	0.064267	-34.983110	-1.124814	35.001188
0.064333	0.000000	-3.147144	3.147144	0.064333	-34.816537	-1.154198	34.835663
0.064400	0.000000	-3.178728	3.178728	0.064400	-34.647737	-1.184078	34.667964
0.064467	0.000000	-3.209600	3.209600	0.064467	-34.476726	-1.214457	34.498110
0.064533	0.000000	-3.239755	3.239755	0.064533	-34.303522	-1.245337	34.326119
0.064600	0.000000	-3.269185	3.269185	0.064600	-34.128139	-1.276723	34.152011
0.064667	0.000000	-3.297886	3.297886	0.064667	-33.950595	-1.308617	33.975806
0.064733	0.000000	-3.325851	3.325851	0.064733	-33.770907	-1.341023	33.797522
0.064800	0.000000	-3.353074	3.353074	0.064800	-33.589092	-1.373943	33.617180
0.064867	0.000000	-3.379551	3.379551	0.064867	-33.405167	-1.407379	33.434801
0.064933	0.000000	-3.405275	3.405275	0.064933	-33.219150	-1.441333	33.250404
0.065000	0.000000	-3.430242	3.430242	0.065000	-33.031058	-1.475809	33.064011
0.065067	0.000000	-3.454448	3.454448	0.065067	-32.840910	-1.510808	32.875643
0.065133	0.000000	-3.477886	3.477886	0.065133	-32.648723	-1.546331	32.685322
0.065200	0.000000	-3.500554	3.500554	0.065200	-32.454516	-1.582380	32.493070
0.065267	0.000000	-3.522446	3.522446	0.065267	-32.258308	-1.618957	32.298908
0.065333	0.000000	-3.543559	3.543559	0.065333	-32.060117	-1.656063	32.102860
0.065400	0.000000	-3.563889	3.563889	0.065400	-31.859962	-1.693698	31.904949
0.065467	0.000000	-3.583432	3.583432	0.065467	-31.657862	-1.731864	31.705198
0.065533	0.000000	-3.602185	3.602185	0.065533	-31.453837	-1.770562	31.503631
0.065600	0.000000	-3.620144	3.620144	0.065600	-31.247906	-1.809791	31.300271
0.065667	0.000000	-3.637307	3.637307	0.065667	-31.040088	-1.849551	31.095143
0.065733	0.000000	-3.653671	3.653671	0.065733	-30.830404	-1.889844	30.888272
0.065800	0.000000	-3.669232	3.669232	0.065800	-30.618874	-1.930668	30.679682
0.065867	0.000000	-3.683990	3.683990	0.065867	-30.405517	-1.972023	30.469400
0.065933	0.000000	-3.697941	3.697941	0.065933	-30.190355	-2.013910	30.257451
0.066000	0.000000	-3.711083	3.711083	0.066000	-29.973407	-2.056326	30.043862
0.066067	0.000000	-3.723416	3.723416	0.066067	-29.754695	-2.099271	29.828658
0.066133	0.000000	-3.734937	3.734937	0.066133	-29.534240	-2.142744	29.611867
0.066200	0.000000	-3.745645	3.745645	0.066200	-29.312062	-2.186744	29.393517
0.066267	0.000000	-3.755539	3.755539	0.066267	-29.088183	-2.231268	29.173634
0.066333	0.000000	-3.764618	3.764618	0.066333	-28.862624	-2.276315	28.952248
0.066400	0.000000	-3.772882	3.772882	0.066400	-28.635406	-2.321884	28.729386
0.066467	0.000000	-3.780329	3.780329	0.066467	-28.406552	-2.367972	28.505079
0.066533	0.000000	-3.786961	3.786961	0.066533	-28.176084	-2.414576	28.279354
0.066600	0.000000	-3.792776	3.792776	0.066600	-27.944023	-2.461694	28.052243
0.066667	0.000000	-3.797774	3.797774	0.066667	-27.710391	-2.509324	27.823775
0.066733	0.000000	-3.801958	3.801958	0.066733	-27.475211	-2.557461	27.593982
0.066800	0.000000	-3.805326	3.805326	0.066800	-27.238506	-2.606104	27.362894
0.066867	0.000000	-3.807880	3.807880	0.066867	-27.000297	-2.655249	27.130543
0.066933	0.000000	-3.809621	3.809621	0.066933	-26.760608	-2.704891	26.896962
0.067000	0.000000	-3.810550	3.810550	0.067000	-26.519462	-2.755028	26.662184
0.067067	0.000000	-3.810669	3.810669	0.067067	-26.276881	-2.805655	26.426240
0.067133	0.000000	-3.809979	3.809979	0.067133	-26.032889	-2.856769	26.189166
0.067200	0.000000	-3.808482	3.808482	0.067200	-25.787508	-2.908364	25.950995
0.067267	0.000000	-3.806181	3.806181	0.067267	-25.540763	-2.960436	25.711763
0.067333	0.000000	-3.803078	3.803078	0.067333	-25.292677	-3.012981	25.471505
0.067400	0.000000	-3.799175	3.799175	0.067400	-25.043273	-3.065993	25.230257
0.067467	0.000000	-3.794475	3.794475	0.067467	-24.792576	-3.119468	24.988055
0.067533	0.000000	-3.788982	3.788982	0.067533	-24.540608	-3.173399	24.744937
0.067600	0.000000	-3.782697	3.782697	0.067600	-24.287394	-3.227782	24.500941
0.067667	0.000000	-3.775626	3.775626	0.067667	-24.032959	-3.282610	24.256105
0.067733	0.000000	-3.767770	3.767770	0.067733	-23.777325	-3.337878	24.010469
0.067800	0.000000	-3.759135	3.759135	0.067800	-23.520518	-3.393580	23.764073
0.067867	0.000000	-3.749724	3.749724	0.067867	-23.262562	-3.449708	23.516957
0.067933	0.000000	-3.739542	3.739542	0.067933	-23.003480	-3.506258	23.269163
0.068000	0.000000	-3.728592	3.728592	0.068000	-22.743299	-3.563221	23.020734
0.068067	0.000000	-3.716880	3.716880	0.068067	-22.482041	-3.620591	22.771712
0.068133	0.000000	-3.704411	3.704411	0.068133	-22.219733	-3.678362	22.522142
0.068200	0.000000	-3.691188	3.691188	0.068200	-21.956398	-3.736525	22.272069
0.068267	0.000000	-3.677219	3.677219	0.068267	-21.692062	-3.795074	22.021538
0.068333	0.000000	-3.662507	3.662507	0.068333	-21.426749	-3.854000	21.770597
0.068400	0.000000	-3.647059	3.647059	0.068400	-21.160485	-3.913296	21.519294
0.068467	0.000000	-3.630880	3.630880	0.068467	-20.893294	-3.972955	21.267677
0.068533	0.000000	-3.613977	3.613977	0.068533	-20.625201	-4.032967	21.015797
0.068600	0.000000	-3.596356	3.596356	0.068600	-20.356232	-4.093325	20.763706
0.068667	0.000000	-3.578022	3.578022	0.068667	-20.086411	-4.154020	20.511455
0.068733	0.000000	-3.558984	3.558984	0.068733	-19.815765	-4.215044	20.259100
0.068800	0.000000	-3.539246	3.539246	0.068800	-19.544318	-4.276387	20.006695
0.068867	0.000000	-3.518817	3.518817	0.068867	-19.272095	-4.338041	19.754297
0.068933	0.000000	-3.497703	3.497703	0.068933	-18.999122	-4.399997	19.501964
0.069000	0.000000	-3.475912	3.475912	0.069000	-18.725424	-4.462246	19.249757
0.069067	0.000000	-3.453451	3.453451	0.069067	-18.451027	-4.524777	18.997737
0.069133	0.000000	-3.430328	3.430328	0.069133	-18.175956	-4.587582	18.745967
0.069200	0.000000	-3.406550	3.406550	0.069200	-17.900236	-4.650650	18.494513
0.069267	0.000000	-3.382125	3.382125	0.069267	-17.623893	-4.713973	18.243441
0.069333	0.000000	-3.357062	3.357062	0.069333	-17.346952	-4.777539	17.992822
0.069400	0.000000	-3.331369	3.331369	0.069400	-17.069440	-4.841339	17.742726
0.069467	0.000000	-3.305054	3.305054	0.069467	-16.791380	-4.905363	17.493228
0.069533	0.000000	-3.278126	3.278126	0.069533	-16.512799	-4.969600	17.244403
0.069600	0.000000	-3.250593	3.250593	0.069600	-16.233722	-5.034039	16.996331
0.069667	0.000000	-3.222465	3.222465	0.069667	-15.954174	-5.098670	16.749093
0.069733	0.000000	-3.193750	3.193750	0.069733	-15.674182	-5.163482	16.502773
0.069800	0.000000	-3.164457	3.164457	0.069800	-15.393769	-5.228465	16.257459
0.069867	0.000000	-3.134596	3.134596	0.069867	-15.112963	-5.293606	16.013242
0.069933	0.000000	-3.104177	3.104177	0.069933	-14.831787	-5.358896	15.770215
0.070000	0.000000	-3.073208	3.073208	0.070000	-14.550268	-5.424322	15.528476
0.070067	0.000000	-3.041699	3.041699	0.070067	-14.268430	-5.489874	15.288127
0.070133	0.000000	-3.009661	3.009661	0.070133	-13.986300	-5.555540	15.049272
0.070200	0.000000	-2.977103	2.977103	0.070200	-13.703901	-5.621308	14.812022
0.070267	0.000000	-2.944035	2.944035	0.070267	-13.421259	-5.687167	14.576490
0.070333	0.000000	-2.910468	2.910468	0.070333	-13.138400	-5.753105	14.342795
0.070400	0.000000	-2.876411	2.876411	0.070400	-12.855347	-5.819110	14.111059
0.070467	0.000000	-2.841875	2.841875	0.070467	-12.572127	-5.885170	13.881412
0.070533	0.000000	-2.806871	2.806871	0.070533	-12.288765	-5.951273	13.653988
0.070600	0.000000	-2.771408	2.771408	0.070600	-12.005284	-6.017408	13.428925
0.070667	0.000000	-2.735498	2.735498	0.070667	-11.721709	-6.083561	13.206369
0.070733	0.000000	-2.699152	2.699152	0.070733	-11.438066	-6.149722	12.986471
0.070800	0.000000	-2.662379	2.662379	0.070800	-11.154379	-6.215876	12.769389
0.070867	0.000000	-2.625192	2.625192	0.070867	-10.870673	-6.282013	12.555287
0.070933	0.000000	-2.587602	2.587602	0.070933	-10.586971	-6.348120	12.344334
0.071000	0.000000	-2.549618	2.549618	0.071000	-10.303298	-6.414184	12.136709
0.071067	0.000000	-2.511253	2.511253	0.071067	-10.019679	-6.480192	11.932597
0.071133	0.000000	-2.472517	2.472517	0.071133	-9.736137	-6.546133	11.732188
0.071200	0.000000	-2.433422	2.433422	0.071200	-9.452697	-6.611994	11.535681
0.071267	0.000000	-2.393980	2.393980	0.071267	-9.169381	-6.677761	11.343282
0.071333	0.000000	-2.354201	2.354201	0.071333	-8.886215	-6.743422	11.155204
0.071400	0.000000	-2.314097	2.314097	0.071400	-8.603222	-6.808966	10.971665
0.071467	0.000000	-2.273679	2.273679	0.071467	-8.320425	-6.874377	10.792893
0.071533	0.000000	-2.232960	2.232960	0.071533	-8.037847	-6.939645	10.619118
0.071600	0.000000	-2.191950	2.191950	0.071600	-7.755512	-7.004757	10.450578
0.071667	0.000000	-2.150662	2.150662	0.071667	-7.473444	-7.069699	10.287517
0.071733	0.000000	-2.109106	2.109106	0.071733	-7.191664	-7.134458	10.130179
0.071800	0.000000	-2.067295	2.067295	0.071800	-6.910196	-7.199023	9.978814
0.071867	0.000000	-2.025240	2.025240	0.071867	-6.629062	-7.263379	9.833674
0.071933	0.000000	-1.982953	1.982953	0.071933	-6.348285	-7.327515	9.695009
0.072000	0.000000	-1.940446	1.940446	0.072000	-6.067888	-7.391418	9.563071
0.072067	0.000000	-1.897730	1.897730	0.072067	-5.787892	-7.455075	9.438105
0.072133	0.000000	-1.854817	1.854817	0.072133	-5.508320	-7.518472	9.320355
0.072200	0.000000	-1.811719	1.811719	0.072200	-5.229193	-7.581598	9.210054
0.072267	0.000000	-1.768448	1.768448	0.072267	-4.950533	-7.644440	9.107428
0.072333	0.000000	-1.725014	1.725014	0.072333	-4.672363	-7.706984	9.012690
0.072400	0.000000	-1.681431	1.681431	0.072400	-4.394702	-7.769219	8.926039
0.072467	0.000000	-1.637709	1.637709	0.072467	-4.117572	-7.831131	8.847656
0.072533	0.000000	-1.593861	1.593861	0.072533	-3.840994	-7.892709	8.777704
0.072600	0.000000	-1.549898	1.549898	0.072600	-3.564990	-7.953940	8.716324
0.072667	0.000000	-1.505831	1.505831	0.072667	-3.289579	-8.014810	8.663631
0.072733	0.000000	-1.461673	1.461673	0.072733	-3.014782	-8.075308	8.619716
0.072800	0.000000	-1.417434	1.417434	0.072800	-2.740619	-8.135422	8.584642
0.072867	0.000000	-1.373127	1.373127	0.072867	-2.467110	-8.195139	8.558442
0.072933	0.000000	-1.328762	1.328762	0.072933	-2.194275	-8.254446	8.541120
0.073000	0.000000	-1.284352	1.284352	0.073000	-1.922134	-8.313333	8.532649
0.073067	0.000000	-1.239907	1.239907	0.073067	-1.650705	-8.371786	8.532973
0.073133	0.000000	-1.195439	1.195439	0.073133	-1.380009	-8.429793	8.542004
0.073200	0.000000	-1.150960	1.150960	0.073200	-1.110064	-8.487344	8.559629
0.073267	0.000000	-1.106480	1.106480	0.073267	-0.840888	-8.544425	8.585702
0.073333	0.000000	-1.062010	1.062010	0.073333	-0.572501	-8.601025	8.620057
0.073400	0.000000	-1.017562	1.017562	0.073400	-0.304920	-8.657132	8.662501
0.073467	0.000000	-0.973146	0.973146	0.073467	-0.038163	-8.712736	8.712819
0.073533	0.000000	-0.928775	0.928775	0.073533	0.227751	-8.767824	8.770781
0.073600	0.000000	-0.884457	0.884457	0.073600	0.492805	-8.822385	8.836138
0.073667	0.000000	-0.840205	0.840205	0.073667	0.756982	-8.876407	8.908626
0.073733	0.000000	-0.796028	0.796028	0.073733	1.020264	-8.929880	8.987975
0.073800	0.000000	-0.751938	0.751938	0.073800	1.282636	-8.982793	9.073904
0.073867	0.000000	-0.707945	0.707945	0.073867	1.544079	-9.035135	9.166124
0.073933	0.000000	-0.664059	0.664059	0.073933	1.804579	-9.086894	9.264348
0.074000	0.000000	-0.620291	0.620291	0.074000	2.064118	-9.138060	9.368283
0.074067	0.000000	-0.576650	0.576650	0.074067	2.322680	-9.188623	9.477639
0.074133	0.000000	-0.533148	0.533148	0.074133	2.580251	-9.238572	9.592128
0.074200	0.000000	-0.489793	0.489793	0.074200	2.836815	-9.287897	9.711465
0.074267	0.000000	-0.446596	0.446596	0.074267	3.092356	-9.336588	9.835372
0.074333	0.000000	-0.403566	0.403566	0.074333	3.346861	-9.384635	9.963576
0.074400	0.000000	-0.360714	0.360714	0.074400	3.600313	-9.432027	10.095810
0.074467	0.000000	-0.318048	0.318048	0.074467	3.852699	-9.478755	10.231818
0.074533	0.000000	-0.275578	0.275578	0.074533	4.104005	-9.524810	10.371349
0.074600	0.000000	-0.233314	0.233314	0.074600	4.354217	-9.570182	10.514162
0.074667	0.000000	-0.191263	0.191263	0.074667	4.603322	-9.614862	10.660025
0.074733	0.000000	-0.149437	0.149437	0.074733	4.851305	-9.658840	10.808717
0.074800	0.000000	-0.107843	0.107843	0.074800	5.098154	-9.702108	10.960022
0.074867	0.000000	-0.066489	0.066489	0.074867	5.343857	-9.744657	11.113737
0.074933	0.000000	-0.025386	0.025386	0.074933	5.588400	-9.786478	11.269666
0.075000	0.000000	0.015459	0.015459	0.075000	5.831772	-9.827562	11.427622
0.075067	0.000000	0.056038	0.056038	0.075067	6.073961	-9.867902	11.587428
0.075133	0.000000	0.096342	0.096342	0.075133	6.314954	-9.907489	11.748914
0.075200	0.000000	0.136364	0.136364	0.075200	6.554741	-9.946314	11.911918
0.075267	0.000000	0.176095	0.176095	0.075267	6.793310	-9.984372	12.076288
0.075333	0.000000	0.215527	0.215527	0.075333	7.030650	-10.021652	12.241877
0.075400	0.000000	0.254653	0.254653	0.075400	7.266751	-10.058149	12.408547
0.075467	0.000000	0.293466	0.293466	0.075467	7.501603	-10.093854	12.576166
0.075533	0.000000	0.331958	0.331958	0.075533	7.735195	-10.128762	12.744609
0.075600	0.000000	0.370123	0.370123	0.075600	7.967517	-10.162863	12.913757
0.075667	0.000000	0.407952	0.407952	0.075667	8.198561	-10.196153	13.083498
0.075733	0.000000	0.445440	0.445440	0.075733	8.428316	-10.228623	13.253726
0.075800	0.000000	0.482579	0.482579	0.075800	8.656774	-10.260269	13.424338
0.075867	0.000000	0.519363	0.519363	0.075867	8.883926	-10.291083	13.595239
0.075933	0.000000	0.555786	0.555786	0.075933	9.109763	-10.321059	13.766338
0.076000	0.000000	0.591841	0.591841	0.076000	9.334278	-10.350192	13.937547
0.076067	0.000000	0.627523	0.627523	0.076067	9.557462	-10.378476	14.108786
0.076133	0.000000	0.662826	0.662826	0.076133	9.779308	-10.405905	14.279977
0.076200	0.000000	0.697743	0.697743	0.076200	9.999809	-10.432475	14.451045
0.076267	0.000000	0.732270	0.732270	0.076267	10.218957	-10.458179	14.621921
0.076333	0.000000	0.766401	0.766401	0.076333	10.436745	-10.483012	14.792538
0.076400	0.000000	0.800130	0.800130	0.076400	10.653167	-10.506971	14.962835
0.076467	0.000000	0.833453	0.833453	0.076467	10.868217	-10.530051	15.132750
0.076533	0.000000	0.866364	0.866364	0.076533	11.081888	-10.552246	15.302227
0.076600	0.000000	0.898860	0.898860	0.076600	11.294175	-10.573554	15.471213
0.076667	0.000000	0.930934	0.930934	0.076667	11.505072	-10.593969	15.639657
0.076733	0.000000	0.962584	0.962584	0.076733	11.714574	-10.613489	15.807510
0.076800	0.000000	0.993805	0.993805	0.076800	11.922676	-10.632108	15.974727
