SliderCrank
13:15:53  3/30/2022
Force of Motor 17				Force of Slot Joint 13
t	Fx	Fy	|F|	t	Fx	Fy	|F|
0.000000	-4.504836e-008	-3277.612729	3277.612729	0.000000	0.000000	26.867620	26.867620
0.000100	-15.493430	0.232823	15.495180	0.000100	0.000000	-0.074226	0.074226
0.000200	-15.488225	0.465585	15.495221	0.000200	0.000000	-0.148408	0.148408
0.000300	-15.479552	0.698226	15.495291	0.000300	0.000000	-0.222504	0.222504
0.000400	-15.467412	0.930684	15.495387	0.000400	0.000000	-0.296469	0.296469
0.000500	-15.451810	1.162898	15.495508	0.000500	0.000000	-0.370261	0.370261
0.000600	-15.432751	1.394809	15.495654	0.000600	0.000000	-0.443835	0.443835
0.000700	-15.410239	1.626356	15.495822	0.000700	0.000000	-0.517150	0.517150
0.000800	-15.384281	1.857478	15.496010	0.000800	0.000000	-0.590162	0.590162
0.000900	-15.354885	2.088116	15.496216	0.000900	0.000000	-0.662828	0.662828
0.001000	-15.322060	2.318209	15.496438	0.001000	0.000000	-0.735105	0.735105
0.001100	-15.285814	2.547697	15.496673	0.001100	0.000000	-0.806952	0.806952
0.001200	-15.246158	2.776522	15.496916	0.001200	0.000000	-0.878327	0.878327
0.001300	-15.203105	3.004624	15.497166	0.001300	0.000000	-0.949186	0.949186
0.001400	-15.156666	3.231945	15.497419	0.001400	0.000000	-1.019490	1.019490
0.001500	-15.106855	3.458426	15.497670	0.001500	0.000000	-1.089196	1.089196
0.001600	-15.053686	3.684009	15.497916	0.001600	0.000000	-1.158264	1.158264
0.001700	-14.997176	3.908636	15.498152	0.001700	0.000000	-1.226654	1.226654
0.001800	-14.937340	4.132250	15.498375	0.001800	0.000000	-1.294324	1.294324
0.001900	-14.874196	4.354795	15.498579	0.001900	0.000000	-1.361236	1.361236
0.002000	-14.807762	4.576214	15.498760	0.002000	0.000000	-1.427351	1.427351
0.002100	-14.738059	4.796451	15.498913	0.002100	0.000000	-1.492629	1.492629
0.002200	-14.665106	5.015450	15.499034	0.002200	0.000000	-1.557032	1.557032
0.002300	-14.588924	5.233158	15.499118	0.002300	0.000000	-1.620522	1.620522
0.002400	-14.509537	5.449520	15.499159	0.002400	0.000000	-1.683063	1.683063
0.002500	-14.426966	5.664483	15.499152	0.002500	0.000000	-1.744617	1.744617
0.002600	-14.341238	5.877993	15.499094	0.002600	0.000000	-1.805149	1.805149
0.002700	-14.252376	6.089998	15.498978	0.002700	0.000000	-1.864622	1.864622
0.002800	-14.160408	6.300447	15.498799	0.002800	0.000000	-1.923003	1.923003
0.002900	-14.065359	6.509289	15.498554	0.002900	0.000000	-1.980256	1.980256
0.003000	-13.967259	6.716473	15.498237	0.003000	0.000000	-2.036348	2.036348
0.003100	-13.866136	6.921950	15.497843	0.003100	0.000000	-2.091247	2.091247
0.003200	-13.762020	7.125672	15.497368	0.003200	0.000000	-2.144919	2.144919
0.003300	-13.654943	7.327590	15.496807	0.003300	0.000000	-2.197334	2.197334
0.003400	-13.544935	7.527657	15.496157	0.003400	0.000000	-2.248461	2.248461
0.003500	-13.432030	7.725827	15.495413	0.003500	0.000000	-2.298270	2.298270
0.003600	-13.316261	7.922055	15.494572	0.003600	0.000000	-2.346731	2.346731
0.003700	-13.197662	8.116295	15.493629	0.003700	0.000000	-2.393817	2.393817
0.003800	-13.076270	8.308505	15.492582	0.003800	0.000000	-2.439500	2.439500
0.003900	-12.952119	8.498642	15.491427	0.003900	0.000000	-2.483752	2.483752
0.004000	-12.825249	8.686663	15.490162	0.004000	0.000000	-2.526549	2.526549
0.004100	-12.695695	8.872527	15.488784	0.004100	0.000000	-2.567865	2.567865
0.004200	-12.563498	9.056196	15.487291	0.004200	0.000000	-2.607676	2.607676
0.004300	-12.428697	9.237629	15.485681	0.004300	0.000000	-2.645959	2.645959
0.004400	-12.291333	9.416789	15.483952	0.004400	0.000000	-2.682692	2.682692
0.004500	-12.151446	9.593639	15.482105	0.004500	0.000000	-2.717853	2.717853
0.004600	-12.009080	9.768143	15.480137	0.004600	0.000000	-2.751422	2.751422
0.004700	-11.864277	9.940267	15.478048	0.004700	0.000000	-2.783379	2.783379
0.004800	-11.717081	10.109975	15.475839	0.004800	0.000000	-2.813707	2.813707
0.004900	-11.567537	10.277236	15.473510	0.004900	0.000000	-2.842387	2.842387
0.005000	-11.415690	10.442018	15.471061	0.005000	0.000000	-2.869404	2.869404
0.005100	-11.261586	10.604290	15.468494	0.005100	0.000000	-2.894741	2.894741
0.005200	-11.105273	10.764024	15.465810	0.005200	0.000000	-2.918384	2.918384
0.005300	-10.946797	10.921190	15.463012	0.005300	0.000000	-2.940321	2.940321
0.005400	-10.786208	11.075761	15.460102	0.005400	0.000000	-2.960538	2.960538
0.005500	-10.623554	11.227713	15.457083	0.005500	0.000000	-2.979025	2.979025
0.005600	-10.458885	11.377019	15.453958	0.005600	0.000000	-2.995771	2.995771
0.005700	-10.292252	11.523656	15.450731	0.005700	0.000000	-3.010767	3.010767
0.005800	-10.123706	11.667602	15.447406	0.005800	0.000000	-3.024005	3.024005
0.005900	-9.953299	11.808835	15.443987	0.005900	0.000000	-3.035479	3.035479
0.006000	-9.781083	11.947335	15.440479	0.006000	0.000000	-3.045182	3.045182
0.006100	-9.607111	12.083084	15.436888	0.006100	0.000000	-3.053109	3.053109
0.006200	-9.431438	12.216063	15.433218	0.006200	0.000000	-3.059258	3.059258
0.006300	-9.254117	12.346257	15.429477	0.006300	0.000000	-3.063624	3.063624
0.006400	-9.075203	12.473650	15.425669	0.006400	0.000000	-3.066208	3.066208
0.006500	-8.894753	12.598228	15.421802	0.006500	0.000000	-3.067008	3.067008
0.006600	-8.712821	12.719979	15.417882	0.006600	0.000000	-3.066026	3.066026
0.006700	-8.529464	12.838890	15.413917	0.006700	0.000000	-3.063263	3.063263
0.006800	-8.344741	12.954951	15.409914	0.006800	0.000000	-3.058722	3.058722
0.006900	-8.158707	13.068154	15.405880	0.006900	0.000000	-3.052408	3.052408
0.007000	-7.971421	13.178490	15.401823	0.007000	0.000000	-3.044326	3.044326
0.007100	-7.782941	13.285953	15.397751	0.007100	0.000000	-3.034482	3.034482
0.007200	-7.593328	13.390537	15.393671	0.007200	0.000000	-3.022883	3.022883
0.007300	-7.402638	13.492239	15.389593	0.007300	0.000000	-3.009538	3.009538
0.007400	-7.210933	13.591055	15.385524	0.007400	0.000000	-2.994458	2.994458
0.007500	-7.018273	13.686984	15.381472	0.007500	0.000000	-2.977651	2.977651
0.007600	-6.824717	13.780024	15.377446	0.007600	0.000000	-2.959132	2.959132
0.007700	-6.630326	13.870178	15.373453	0.007700	0.000000	-2.938911	2.938911
0.007800	-6.435162	13.957446	15.369502	0.007800	0.000000	-2.917003	2.917003
0.007900	-6.239286	14.041831	15.365602	0.007900	0.000000	-2.893424	2.893424
0.008000	-6.042759	14.123339	15.361759	0.008000	0.000000	-2.868189	2.868189
0.008100	-5.845643	14.201973	15.357981	0.008100	0.000000	-2.841316	2.841316
0.008200	-5.648000	14.277742	15.354277	0.008200	0.000000	-2.812822	2.812822
0.008300	-5.449892	14.350652	15.350652	0.008300	0.000000	-2.782727	2.782727
0.008400	-5.251381	14.420712	15.347115	0.008400	0.000000	-2.751051	2.751051
0.008500	-5.052529	14.487933	15.343672	0.008500	0.000000	-2.717815	2.717815
0.008600	-4.853400	14.552326	15.340328	0.008600	0.000000	-2.683041	2.683041
0.008700	-4.654055	14.613902	15.337091	0.008700	0.000000	-2.646752	2.646752
0.008800	-4.454557	14.672674	15.333964	0.008800	0.000000	-2.608973	2.608973
0.008900	-4.254970	14.728659	15.330954	0.008900	0.000000	-2.569727	2.569727
0.009000	-4.055354	14.781869	15.328064	0.009000	0.000000	-2.529041	2.529041
0.009100	-3.855774	14.832323	15.325299	0.009100	0.000000	-2.486942	2.486942
0.009200	-3.656290	14.880037	15.322661	0.009200	0.000000	-2.443457	2.443457
0.009300	-3.456967	14.925029	15.320154	0.009300	0.000000	-2.398614	2.398614
0.009400	-3.257865	14.967320	15.317779	0.009400	0.000000	-2.352443	2.352443
0.009500	-3.059048	15.006929	15.315538	0.009500	0.000000	-2.304974	2.304974
0.009600	-2.860577	15.043878	15.313431	0.009600	0.000000	-2.256237	2.256237
0.009700	-2.662513	15.078188	15.311458	0.009700	0.000000	-2.206264	2.206264
0.009800	-2.464919	15.109883	15.309618	0.009800	0.000000	-2.155087	2.155087
0.009900	-2.267855	15.138987	15.307909	0.009900	0.000000	-2.102739	2.102739
0.010000	-2.071382	15.165523	15.306329	0.010000	0.000000	-2.049253	2.049253
0.010100	-1.875561	15.189518	15.304875	0.010100	0.000000	-1.994665	1.994665
0.010200	-1.680452	15.210998	15.303542	0.010200	0.000000	-1.939008	1.939008
0.010300	-1.486115	15.229990	15.302325	0.010300	0.000000	-1.882318	1.882318
0.010400	-1.292609	15.246522	15.301218	0.010400	0.000000	-1.824632	1.824632
0.010500	-1.099993	15.260621	15.300214	0.010500	0.000000	-1.765985	1.765985
0.010600	-0.908326	15.272317	15.299305	0.010600	0.000000	-1.706415	1.706415
0.010700	-0.717666	15.281640	15.298483	0.010700	0.000000	-1.645960	1.645960
0.010800	-0.528070	15.288620	15.297737	0.010800	0.000000	-1.584656	1.584656
0.010900	-0.339594	15.293288	15.297058	0.010900	0.000000	-1.522543	1.522543
0.011000	-0.152296	15.295676	15.296434	0.011000	0.000000	-1.459660	1.459660
0.011100	0.033769	15.295814	15.295851	0.011100	0.000000	-1.396045	1.396045
0.011200	0.218546	15.293736	15.295298	0.011200	0.000000	-1.331737	1.331737
0.011300	0.401982	15.289475	15.294759	0.011300	0.000000	-1.266778	1.266778
0.011400	0.584021	15.283064	15.294219	0.011400	0.000000	-1.201206	1.201206
0.011500	0.764612	15.274537	15.293662	0.011500	0.000000	-1.135062	1.135062
0.011600	0.943702	15.263927	15.293071	0.011600	0.000000	-1.068386	1.068386
0.011700	1.121240	15.251269	15.292429	0.011700	0.000000	-1.001219	1.001219
0.011800	1.297175	15.236598	15.291716	0.011800	0.000000	-0.933601	0.933601
0.011900	1.471458	15.219949	15.290914	0.011900	0.000000	-0.865573	0.865573
0.012000	1.644040	15.201357	15.290001	0.012000	0.000000	-0.797177	0.797177
0.012100	1.814874	15.180858	15.288957	0.012100	0.000000	-0.728452	0.728452
0.012200	1.983912	15.158486	15.287760	0.012200	0.000000	-0.659440	0.659440
0.012300	2.151108	15.134278	15.286387	0.012300	0.000000	-0.590182	0.590182
0.012400	2.316417	15.108270	15.284816	0.012400	0.000000	-0.520718	0.520718
0.012500	2.479795	15.080497	15.283022	0.012500	0.000000	-0.451089	0.451089
0.012600	2.641200	15.050995	15.280981	0.012600	0.000000	-0.381336	0.381336
0.012700	2.800589	15.019801	15.278668	0.012700	0.000000	-0.311498	0.311498
0.012800	2.957921	14.986949	15.276058	0.012800	0.000000	-0.241616	0.241616
0.012900	3.113157	14.952477	15.273124	0.012900	0.000000	-0.171731	0.171731
0.013000	3.266258	14.916420	15.269841	0.013000	0.000000	-0.101881	0.101881
0.013100	3.417187	14.878814	15.266180	0.013100	0.000000	-0.032106	0.032106
0.013200	3.565906	14.839693	15.262116	0.013200	0.000000	0.037554	0.037554
0.013300	3.712381	14.799095	15.257620	0.013300	0.000000	0.107062	0.107062
0.013400	3.856578	14.757053	15.252665	0.013400	0.000000	0.176378	0.176378
0.013500	3.998463	14.713603	15.247223	0.013500	0.000000	0.245465	0.245465
0.013600	4.138006	14.668779	15.241265	0.013600	0.000000	0.314285	0.314285
0.013700	4.275176	14.622616	15.234764	0.013700	0.000000	0.382801	0.382801
0.013800	4.409943	14.575148	15.227690	0.013800	0.000000	0.450977	0.450977
0.013900	4.542280	14.526409	15.220016	0.013900	0.000000	0.518776	0.518776
0.014000	4.672161	14.476433	15.211712	0.014000	0.000000	0.586163	0.586163
0.014100	4.799559	14.425252	15.202752	0.014100	0.000000	0.653103	0.653103
0.014200	4.924451	14.372899	15.193105	0.014200	0.000000	0.719562	0.719562
0.014300	5.046815	14.319406	15.182745	0.014300	0.000000	0.785505	0.785505
0.014400	5.166628	14.264806	15.171642	0.014400	0.000000	0.850899	0.850899
0.014500	5.283871	14.209129	15.159771	0.014500	0.000000	0.915713	0.915713
0.014600	5.398525	14.152407	15.147102	0.014600	0.000000	0.979913	0.979913
0.014700	5.510573	14.094670	15.133609	0.014700	0.000000	1.043469	1.043469
0.014800	5.619998	14.035947	15.119265	0.014800	0.000000	1.106351	1.106351
0.014900	5.726786	13.976268	15.104044	0.014900	0.000000	1.168528	1.168528
0.015000	5.830924	13.915662	15.087920	0.015000	0.000000	1.229972	1.229972
0.015100	5.932400	13.854157	15.070867	0.015100	0.000000	1.290654	1.290654
0.015200	6.031203	13.791780	15.052860	0.015200	0.000000	1.350547	1.350547
0.015300	6.127323	13.728559	15.033876	0.015300	0.000000	1.409624	1.409624
0.015400	6.220754	13.664519	15.013889	0.015400	0.000000	1.467859	1.467859
0.015500	6.311488	13.599688	14.992878	0.015500	0.000000	1.525228	1.525228
0.015600	6.399520	13.534088	14.970819	0.015600	0.000000	1.581705	1.581705
0.015700	6.484847	13.467746	14.947690	0.015700	0.000000	1.637267	1.637267
0.015800	6.567466	13.400685	14.923471	0.015800	0.000000	1.691893	1.691893
0.015900	6.647376	13.332928	14.898140	0.015900	0.000000	1.745559	1.745559
0.016000	6.724577	13.264498	14.871679	0.016000	0.000000	1.798245	1.798245
0.016100	6.799071	13.195416	14.844068	0.016100	0.000000	1.849931	1.849931
0.016200	6.870861	13.125703	14.815290	0.016200	0.000000	1.900598	1.900598
0.016300	6.939950	13.055380	14.785326	0.016300	0.000000	1.950227	1.950227
0.016400	7.006345	12.984467	14.754161	0.016400	0.000000	1.998801	1.998801
0.016500	7.070052	12.912983	14.721778	0.016500	0.000000	2.046304	2.046304
0.016600	7.131079	12.840945	14.688164	0.016600	0.000000	2.092719	2.092719
0.016700	7.189436	12.768373	14.653305	0.016700	0.000000	2.138032	2.138032
0.016800	7.245133	12.695282	14.617186	0.016800	0.000000	2.182229	2.182229
0.016900	7.298183	12.621688	14.579797	0.016900	0.000000	2.225296	2.225296
0.017000	7.348597	12.547609	14.541127	0.017000	0.000000	2.267222	2.267222
0.017100	7.396391	12.473058	14.501164	0.017100	0.000000	2.307995	2.307995
0.017200	7.441580	12.398049	14.459901	0.017200	0.000000	2.347604	2.347604
0.017300	7.484181	12.322597	14.417328	0.017300	0.000000	2.386041	2.386041
0.017400	7.524212	12.246713	14.373439	0.017400	0.000000	2.423295	2.423295
0.017500	7.561691	12.170411	14.328227	0.017500	0.000000	2.459360	2.459360
0.017600	7.596639	12.093702	14.281686	0.017600	0.000000	2.494227	2.494227
0.017700	7.629077	12.016597	14.233812	0.017700	0.000000	2.527891	2.527891
0.017800	7.659027	11.939105	14.184602	0.017800	0.000000	2.560346	2.560346
0.017900	7.686513	11.861237	14.134052	0.017900	0.000000	2.591588	2.591588
0.018000	7.711559	11.783002	14.082162	0.018000	0.000000	2.621612	2.621612
0.018100	7.734191	11.704408	14.028930	0.018100	0.000000	2.650416	2.650416
0.018200	7.754435	11.625463	13.974356	0.018200	0.000000	2.677996	2.677996
0.018300	7.772318	11.546173	13.918443	0.018300	0.000000	2.704352	2.704352
0.018400	7.787869	11.466547	13.861191	0.018400	0.000000	2.729483	2.729483
0.018500	7.801118	11.386589	13.802603	0.018500	0.000000	2.753388	2.753388
0.018600	7.812093	11.306306	13.742684	0.018600	0.000000	2.776069	2.776069
0.018700	7.820827	11.225702	13.681437	0.018700	0.000000	2.797525	2.797525
0.018800	7.827352	11.144782	13.618869	0.018800	0.000000	2.817761	2.817761
0.018900	7.831700	11.063550	13.554986	0.018900	0.000000	2.836777	2.836777
0.019000	7.833904	10.982009	13.489795	0.019000	0.000000	2.854578	2.854578
0.019100	7.834000	10.900162	13.423304	0.019100	0.000000	2.871167	2.871167
0.019200	7.832022	10.818013	13.355522	0.019200	0.000000	2.886549	2.886549
0.019300	7.828005	10.735562	13.286458	0.019300	0.000000	2.900729	2.900729
0.019400	7.821988	10.652812	13.216123	0.019400	0.000000	2.913714	2.913714
0.019500	7.814006	10.569765	13.144528	0.019500	0.000000	2.925508	2.925508
0.019600	7.804097	10.486420	13.071685	0.019600	0.000000	2.936120	2.936120
0.019700	7.792301	10.402779	12.997606	0.019700	0.000000	2.945556	2.945556
0.019800	7.778656	10.318841	12.922305	0.019800	0.000000	2.953825	2.953825
0.019900	7.763201	10.234607	12.845796	0.019900	0.000000	2.960935	2.960935
0.020000	7.745976	10.150076	12.768093	0.020000	0.000000	2.966896	2.966896
0.020100	7.727024	10.065247	12.689212	0.020100	0.000000	2.971715	2.971715
0.020200	7.706383	9.980120	12.609168	0.020200	0.000000	2.975404	2.975404
0.020300	7.684097	9.894692	12.527980	0.020300	0.000000	2.977972	2.977972
0.020400	7.660206	9.808963	12.445662	0.020400	0.000000	2.979430	2.979430
0.020500	7.634754	9.722930	12.362234	0.020500	0.000000	2.979790	2.979790
0.020600	7.607782	9.636591	12.277713	0.020600	0.000000	2.979062	2.979062
0.020700	7.579335	9.549945	12.192119	0.020700	0.000000	2.977259	2.977259
0.020800	7.549455	9.462988	12.105471	0.020800	0.000000	2.974392	2.974392
0.020900	7.518187	9.375719	12.017788	0.020900	0.000000	2.970475	2.970475
0.021000	7.485573	9.288134	11.929092	0.021000	0.000000	2.965519	2.965519
0.021100	7.451659	9.200231	11.839403	0.021100	0.000000	2.959537	2.959537
0.021200	7.416488	9.112006	11.748743	0.021200	0.000000	2.952544	2.952544
0.021300	7.380105	9.023457	11.657132	0.021300	0.000000	2.944552	2.944552
0.021400	7.342555	8.934581	11.564595	0.021400	0.000000	2.935575	2.935575
0.021500	7.303883	8.845374	11.471153	0.021500	0.000000	2.925627	2.925627
0.021600	7.264134	8.755833	11.376830	0.021600	0.000000	2.914723	2.914723
0.021700	7.223352	8.665955	11.281648	0.021700	0.000000	2.902876	2.902876
0.021800	7.181583	8.575736	11.185633	0.021800	0.000000	2.890100	2.890100
0.021900	7.138872	8.485173	11.088808	0.021900	0.000000	2.876412	2.876412
0.022000	7.095264	8.394264	10.991198	0.022000	0.000000	2.861824	2.861824
0.022100	7.050803	8.303004	10.892828	0.022100	0.000000	2.846353	2.846353
0.022200	7.005536	8.211390	10.793723	0.022200	0.000000	2.830013	2.830013
0.022300	6.959507	8.119420	10.693910	0.022300	0.000000	2.812819	2.812819
0.022400	6.912761	8.027089	10.593415	0.022400	0.000000	2.794785	2.794785
0.022500	6.865343	7.934396	10.492263	0.022500	0.000000	2.775928	2.775928
0.022600	6.817298	7.841337	10.390482	0.022600	0.000000	2.756263	2.756263
0.022700	6.768669	7.747910	10.288099	0.022700	0.000000	2.735804	2.735804
0.022800	6.719502	7.654111	10.185142	0.022800	0.000000	2.714566	2.714566
0.022900	6.669840	7.559938	10.081638	0.022900	0.000000	2.692566	2.692566
0.023000	6.619728	7.465389	9.977616	0.023000	0.000000	2.669818	2.669818
0.023100	6.569209	7.370461	9.873105	0.023100	0.000000	2.646337	2.646337
0.023200	6.518326	7.275153	9.768133	0.023200	0.000000	2.622138	2.622138
0.023300	6.467124	7.179461	9.662730	0.023300	0.000000	2.597237	2.597237
0.023400	6.415644	7.083385	9.556926	0.023400	0.000000	2.571649	2.571649
0.023500	6.363929	6.986922	9.450750	0.023500	0.000000	2.545388	2.545388
0.023600	6.312022	6.890072	9.344235	0.023600	0.000000	2.518470	2.518470
0.023700	6.259965	6.792833	9.237410	0.023700	0.000000	2.490908	2.490908
0.023800	6.207799	6.695205	9.130308	0.023800	0.000000	2.462719	2.462719
0.023900	6.155565	6.597185	9.022961	0.023900	0.000000	2.433916	2.433916
0.024000	6.103304	6.498774	8.915401	0.024000	0.000000	2.404515	2.404515
0.024100	6.051056	6.399971	8.807662	0.024100	0.000000	2.374529	2.374529
0.024200	5.998863	6.300776	8.699778	0.024200	0.000000	2.343972	2.343972
0.024300	5.946762	6.201190	8.591783	0.024300	0.000000	2.312859	2.312859
0.024400	5.894793	6.101212	8.483712	0.024400	0.000000	2.281205	2.281205
0.024500	5.842995	6.000843	8.375602	0.024500	0.000000	2.249021	2.249021
0.024600	5.791405	5.900084	8.267489	0.024600	0.000000	2.216324	2.216324
0.024700	5.740062	5.798936	8.159411	0.024700	0.000000	2.183125	2.183125
0.024800	5.689003	5.697401	8.051406	0.024800	0.000000	2.149439	2.149439
0.024900	5.638264	5.595479	7.943514	0.024900	0.000000	2.115278	2.115278
0.025000	5.587882	5.493174	7.835776	0.025000	0.000000	2.080656	2.080656
0.025100	5.537891	5.390486	7.728232	0.025100	0.000000	2.045586	2.045586
0.025200	5.488327	5.287418	7.620927	0.025200	0.000000	2.010080	2.010080
0.025300	5.439225	5.183973	7.513904	0.025300	0.000000	1.974151	1.974151
0.025400	5.390618	5.080154	7.407208	0.025400	0.000000	1.937811	1.937811
0.025500	5.342540	4.975964	7.300886	0.025500	0.000000	1.901073	1.901073
0.025600	5.295022	4.871406	7.194988	0.025600	0.000000	1.863949	1.863949
0.025700	5.248098	4.766484	7.089563	0.025700	0.000000	1.826449	1.826449
0.025800	5.201799	4.661202	6.984663	0.025800	0.000000	1.788588	1.788588
0.025900	5.156156	4.555564	6.880342	0.025900	0.000000	1.750374	1.750374
0.026000	5.111198	4.449575	6.776656	0.026000	0.000000	1.711821	1.711821
0.026100	5.066957	4.343239	6.673662	0.026100	0.000000	1.672938	1.672938
0.026200	5.023459	4.236561	6.571422	0.026200	0.000000	1.633738	1.633738
0.026300	4.980734	4.129547	6.469998	0.026300	0.000000	1.594231	1.594231
0.026400	4.938810	4.022201	6.369454	0.026400	0.000000	1.554427	1.554427
0.026500	4.897713	3.914531	6.269860	0.026500	0.000000	1.514336	1.514336
0.026600	4.857470	3.806541	6.171286	0.026600	0.000000	1.473970	1.473970
0.026700	4.818107	3.698238	6.073806	0.026700	0.000000	1.433338	1.433338
0.026800	4.779647	3.589628	5.977496	0.026800	0.000000	1.392450	1.392450
0.026900	4.742117	3.480718	5.882437	0.026900	0.000000	1.351316	1.351316
0.027000	4.705538	3.371515	5.788713	0.027000	0.000000	1.309945	1.309945
0.027100	4.669934	3.262026	5.696411	0.027100	0.000000	1.268346	1.268346
0.027200	4.635328	3.152258	5.605622	0.027200	0.000000	1.226530	1.226530
0.027300	4.601740	3.042219	5.516440	0.027300	0.000000	1.184505	1.184505
0.027400	4.569192	2.931916	5.428964	0.027400	0.000000	1.142279	1.142279
0.027500	4.537702	2.821358	5.343296	0.027500	0.000000	1.099863	1.099863
0.027600	4.507292	2.710553	5.259542	0.027600	0.000000	1.057263	1.057263
0.027700	4.477979	2.599509	5.177812	0.027700	0.000000	1.014490	1.014490
0.027800	4.449781	2.488234	5.098221	0.027800	0.000000	0.971550	0.971550
0.027900	4.422715	2.376738	5.020885	0.027900	0.000000	0.928453	0.928453
0.028000	4.396797	2.265029	4.945925	0.028000	0.000000	0.885207	0.885207
0.028100	4.372044	2.153116	4.873466	0.028100	0.000000	0.841819	0.841819
0.028200	4.348469	2.041008	4.803634	0.028200	0.000000	0.798297	0.798297
0.028300	4.326088	1.928715	4.736557	0.028300	0.000000	0.754649	0.754649
0.028400	4.304913	1.816246	4.672368	0.028400	0.000000	0.710883	0.710883
0.028500	4.284957	1.703611	4.611198	0.028500	0.000000	0.667005	0.667005
0.028600	4.266233	1.590819	4.553180	0.028600	0.000000	0.623025	0.623025
0.028700	4.248750	1.477881	4.498445	0.028700	0.000000	0.578948	0.578948
0.028800	4.232520	1.364806	4.447125	0.028800	0.000000	0.534782	0.534782
0.028900	4.217552	1.251605	4.399347	0.028900	0.000000	0.490534	0.490534
0.029000	4.203855	1.138287	4.355237	0.029000	0.000000	0.446212	0.446212
0.029100	4.191436	1.024863	4.314914	0.029100	0.000000	0.401822	0.401822
0.029200	4.180305	0.911344	4.278492	0.029200	0.000000	0.357371	0.357371
0.029300	4.170466	0.797739	4.246077	0.029300	0.000000	0.312866	0.312866
0.029400	4.161925	0.684060	4.217767	0.029400	0.000000	0.268315	0.268315
0.029500	4.154688	0.570316	4.193649	0.029500	0.000000	0.223723	0.223723
0.029600	4.148759	0.456519	4.173801	0.029600	0.000000	0.179098	0.179098
0.029700	4.144142	0.342679	4.158286	0.029700	0.000000	0.134445	0.134445
0.029800	4.140838	0.228807	4.147155	0.029800	0.000000	0.089773	0.089773
0.029900	4.138851	0.114913	4.140446	0.029900	0.000000	0.045088	0.045088
0.030000	4.138180	0.001008	4.138180	0.030000	0.000000	0.000395	0.000395
0.030100	4.138827	-0.112897	4.140367	0.030100	0.000000	-0.044297	0.044297
0.030200	4.140792	-0.226791	4.146998	0.030200	0.000000	-0.088983	0.088983
0.030300	4.144072	-0.340664	4.158051	0.030300	0.000000	-0.133655	0.133655
0.030400	4.148666	-0.454505	4.173489	0.030400	0.000000	-0.178308	0.178308
0.030500	4.154572	-0.568303	4.193261	0.030500	0.000000	-0.222933	0.222933
0.030600	4.161786	-0.682048	4.217304	0.030600	0.000000	-0.267526	0.267526
0.030700	4.170303	-0.795728	4.245540	0.030700	0.000000	-0.312078	0.312078
0.030800	4.180119	-0.909334	4.277883	0.030800	0.000000	-0.356584	0.356584
0.030900	4.191228	-1.022855	4.314235	0.030900	0.000000	-0.401036	0.401036
0.031000	4.203624	-1.136281	4.354490	0.031000	0.000000	-0.445427	0.445427
0.031100	4.217298	-1.249600	4.398535	0.031100	0.000000	-0.489750	0.489750
0.031200	4.232244	-1.362804	4.446248	0.031200	0.000000	-0.533999	0.533999
0.031300	4.248452	-1.475881	4.497507	0.031300	0.000000	-0.578167	0.578167
0.031400	4.265912	-1.588822	4.552182	0.031400	0.000000	-0.622245	0.622245
0.031500	4.284615	-1.701616	4.610144	0.031500	0.000000	-0.666228	0.666228
0.031600	4.304549	-1.814254	4.671259	0.031600	0.000000	-0.710107	0.710107
0.031700	4.325703	-1.926726	4.735396	0.031700	0.000000	-0.753875	0.753875
0.031800	4.348063	-2.039022	4.802422	0.031800	0.000000	-0.797525	0.797525
0.031900	4.371616	-2.151133	4.872207	0.031900	0.000000	-0.841050	0.841050
0.032000	4.396349	-2.263050	4.944621	0.032000	0.000000	-0.884440	0.884440
0.032100	4.422246	-2.374763	5.019538	0.032100	0.000000	-0.927689	0.927689
0.032200	4.449292	-2.486263	5.096833	0.032200	0.000000	-0.970789	0.970789
0.032300	4.477470	-2.597542	5.176385	0.032300	0.000000	-1.013731	1.013731
0.032400	4.506764	-2.708590	5.258078	0.032400	0.000000	-1.056508	1.056508
0.032500	4.537155	-2.819400	5.341796	0.032500	0.000000	-1.099110	1.099110
0.032600	4.568625	-2.929962	5.427432	0.032600	0.000000	-1.141530	1.141530
0.032700	4.601155	-3.040269	5.514877	0.032700	0.000000	-1.183759	1.183759
0.032800	4.634725	-3.150313	5.604029	0.032800	0.000000	-1.225788	1.225788
0.032900	4.669313	-3.260086	5.694791	0.032900	0.000000	-1.267608	1.267608
0.033000	4.704899	-3.369580	5.787067	0.033000	0.000000	-1.309211	1.309211
0.033100	4.741461	-3.478788	5.880767	0.033100	0.000000	-1.350586	1.350586
0.033200	4.778975	-3.587703	5.975803	0.033200	0.000000	-1.391724	1.391724
0.033300	4.817418	-3.696318	6.072091	0.033300	0.000000	-1.432617	1.432617
0.033400	4.856766	-3.804627	6.169551	0.033400	0.000000	-1.473253	1.473253
0.033500	4.896994	-3.912622	6.268107	0.033500	0.000000	-1.513624	1.513624
0.033600	4.938076	-4.020299	6.367684	0.033600	0.000000	-1.553720	1.553720
0.033700	4.979985	-4.127650	6.468211	0.033700	0.000000	-1.593529	1.593529
0.033800	5.022696	-4.234670	6.569620	0.033800	0.000000	-1.633042	1.633042
0.033900	5.066180	-4.341354	6.671846	0.033900	0.000000	-1.672248	1.672248
0.034000	5.110409	-4.447696	6.774827	0.034000	0.000000	-1.711136	1.711136
0.034100	5.155354	-4.553691	6.878502	0.034100	0.000000	-1.749695	1.749695
0.034200	5.200986	-4.659335	6.982812	0.034200	0.000000	-1.787914	1.787914
0.034300	5.247274	-4.764624	7.087702	0.034300	0.000000	-1.825783	1.825783
0.034400	5.294187	-4.869552	7.193118	0.034400	0.000000	-1.863288	1.863288
0.034500	5.341694	-4.974117	7.299009	0.034500	0.000000	-1.900419	1.900419
0.034600	5.389763	-5.078313	7.405323	0.034600	0.000000	-1.937165	1.937165
0.034700	5.438361	-5.182139	7.512012	0.034700	0.000000	-1.973511	1.973511
0.034800	5.487454	-5.285591	7.619030	0.034800	0.000000	-2.009448	2.009448
0.034900	5.537010	-5.388665	7.726331	0.034900	0.000000	-2.044961	2.044961
0.035000	5.586994	-5.491360	7.833871	0.035000	0.000000	-2.080039	2.080039
0.035100	5.637370	-5.593672	7.941606	0.035100	0.000000	-2.114669	2.114669
0.035200	5.688102	-5.695601	8.049495	0.035200	0.000000	-2.148838	2.148838
0.035300	5.739156	-5.797143	8.157499	0.035300	0.000000	-2.182533	2.182533
0.035400	5.790494	-5.898298	8.265576	0.035400	0.000000	-2.215741	2.215741
0.035500	5.842080	-5.999063	8.373688	0.035500	0.000000	-2.248447	2.248447
0.035600	5.893874	-6.099439	8.481799	0.035600	0.000000	-2.280640	2.280640
0.035700	5.945841	-6.199424	8.589871	0.035700	0.000000	-2.312304	2.312304
0.035800	5.997940	-6.299017	8.697868	0.035800	0.000000	-2.343426	2.343426
0.035900	6.050132	-6.398219	8.805754	0.035900	0.000000	-2.373993	2.373993
0.036000	6.102379	-6.497029	8.913496	0.036000	0.000000	-2.403989	2.403989
0.036100	6.154640	-6.595447	9.021059	0.036100	0.000000	-2.433401	2.433401
0.036200	6.206875	-6.693473	9.128411	0.036200	0.000000	-2.462215	2.462215
0.036300	6.259043	-6.791109	9.235517	0.036300	0.000000	-2.490415	2.490415
0.036400	6.311102	-6.888355	9.342347	0.036400	0.000000	-2.517987	2.517987
0.036500	6.363012	-6.985212	9.448868	0.036500	0.000000	-2.544917	2.544917
0.036600	6.414731	-7.081681	9.555050	0.036600	0.000000	-2.571190	2.571190
0.036700	6.466215	-7.177764	9.660861	0.036700	0.000000	-2.596790	2.596790
0.036800	6.517423	-7.273462	9.766271	0.036800	0.000000	-2.621704	2.621704
0.036900	6.568311	-7.368778	9.871251	0.036900	0.000000	-2.645915	2.645915
0.037000	6.618837	-7.463713	9.975771	0.037000	0.000000	-2.669409	2.669409
0.037100	6.668957	-7.558268	10.079802	0.037100	0.000000	-2.692170	2.692170
0.037200	6.718627	-7.652448	10.183315	0.037200	0.000000	-2.714184	2.714184
0.037300	6.767804	-7.746253	10.286282	0.037300	0.000000	-2.735435	2.735435
0.037400	6.816442	-7.839687	10.388676	0.037400	0.000000	-2.755908	2.755908
0.037500	6.864498	-7.932753	10.490467	0.037500	0.000000	-2.775587	2.775587
0.037600	6.911928	-8.025452	10.591630	0.037600	0.000000	-2.794459	2.794459
0.037700	6.958686	-8.117789	10.692138	0.037700	0.000000	-2.812507	2.812507
0.037800	7.004728	-8.209766	10.791963	0.037800	0.000000	-2.829716	2.829716
0.037900	7.050009	-8.301386	10.891080	0.037900	0.000000	-2.846071	2.846071
0.038000	7.094484	-8.392652	10.989464	0.038000	0.000000	-2.861558	2.861558
0.038100	7.138108	-8.483568	11.087087	0.038100	0.000000	-2.876161	2.876161
0.038200	7.180835	-8.574136	11.183926	0.038200	0.000000	-2.889866	2.889866
0.038300	7.222621	-8.664361	11.279956	0.038300	0.000000	-2.902658	2.902658
0.038400	7.263421	-8.754245	11.375153	0.038400	0.000000	-2.914521	2.914521
0.038500	7.303189	-8.843792	11.469492	0.038500	0.000000	-2.925443	2.925443
0.038600	7.341881	-8.933005	11.562949	0.038600	0.000000	-2.935407	2.935407
0.038700	7.379451	-9.021888	11.655503	0.038700	0.000000	-2.944402	2.944402
0.038800	7.415854	-9.110442	11.747130	0.038800	0.000000	-2.952411	2.952411
0.038900	7.451047	-9.198672	11.837807	0.038900	0.000000	-2.959422	2.959422
0.039000	7.484984	-9.286581	11.927513	0.039000	0.000000	-2.965422	2.965422
0.039100	7.517621	-9.374172	12.016227	0.039100	0.000000	-2.970396	2.970396
0.039200	7.548914	-9.461447	12.103928	0.039200	0.000000	-2.974332	2.974332
0.039300	7.578819	-9.548409	12.190595	0.039300	0.000000	-2.977218	2.977218
0.039400	7.607292	-9.635061	12.276208	0.039400	0.000000	-2.979040	2.979040
0.039500	7.634289	-9.721404	12.360748	0.039500	0.000000	-2.979787	2.979787
0.039600	7.659769	-9.807443	12.444195	0.039600	0.000000	-2.979446	2.979446
0.039700	7.683688	-9.893178	12.526533	0.039700	0.000000	-2.978007	2.978007
0.039800	7.706003	-9.978611	12.607742	0.039800	0.000000	-2.975459	2.975459
0.039900	7.726673	-10.063743	12.687805	0.039900	0.000000	-2.971790	2.971790
0.040000	7.745656	-10.148578	12.766707	0.040000	0.000000	-2.966991	2.966991
0.040100	7.762911	-10.233114	12.844431	0.040100	0.000000	-2.961051	2.961051
0.040200	7.778398	-10.317353	12.920961	0.040200	0.000000	-2.953961	2.953961
0.040300	7.792075	-10.401296	12.996284	0.040300	0.000000	-2.945713	2.945713
0.040400	7.803905	-10.484942	13.070384	0.040400	0.000000	-2.936297	2.936297
0.040500	7.813847	-10.568292	13.143250	0.040500	0.000000	-2.925706	2.925706
0.040600	7.821864	-10.651345	13.214867	0.040600	0.000000	-2.913933	2.913933
0.040700	7.827916	-10.734100	13.285224	0.040700	0.000000	-2.900969	2.900969
0.040800	7.831968	-10.816556	13.354311	0.040800	0.000000	-2.886810	2.886810
0.040900	7.833983	-10.898711	13.422116	0.040900	0.000000	-2.871450	2.871450
0.041000	7.833924	-10.980563	13.488630	0.041000	0.000000	-2.854882	2.854882
0.041100	7.831757	-11.062109	13.553844	0.041100	0.000000	-2.837103	2.837103
0.041200	7.827448	-11.143347	13.617750	0.041200	0.000000	-2.818108	2.818108
0.041300	7.820962	-11.224273	13.680342	0.041300	0.000000	-2.797894	2.797894
0.041400	7.812267	-11.304882	13.741611	0.041400	0.000000	-2.776459	2.776459
0.041500	7.801331	-11.385171	13.801554	0.041500	0.000000	-2.753800	2.753800
0.041600	7.788124	-11.465135	13.860165	0.041600	0.000000	-2.729917	2.729917
0.041700	7.772613	-11.544767	13.917441	0.041700	0.000000	-2.704808	2.704808
0.041800	7.754772	-11.624062	13.973379	0.041800	0.000000	-2.678473	2.678473
0.041900	7.734570	-11.703014	14.027976	0.041900	0.000000	-2.650914	2.650914
0.042000	7.711981	-11.781614	14.081232	0.042000	0.000000	-2.622132	2.622132
0.042100	7.686977	-11.859856	14.133146	0.042100	0.000000	-2.592130	2.592130
0.042200	7.659535	-11.937730	14.183719	0.042200	0.000000	-2.560910	2.560910
0.042300	7.629628	-12.015229	14.232953	0.042300	0.000000	-2.528476	2.528476
0.042400	7.597235	-12.092341	14.280850	0.042400	0.000000	-2.494833	2.494833
0.042500	7.562331	-12.169057	14.327415	0.042500	0.000000	-2.459987	2.459987
0.042600	7.524897	-12.245367	14.372650	0.042600	0.000000	-2.423944	2.423944
0.042700	7.484912	-12.321258	14.416563	0.042700	0.000000	-2.386710	2.386710
0.042800	7.442357	-12.396718	14.459159	0.042800	0.000000	-2.348295	2.348295
0.042900	7.397213	-12.471734	14.500446	0.042900	0.000000	-2.308706	2.308706
0.043000	7.349466	-12.546294	14.540431	0.043000	0.000000	-2.267954	2.267954
0.043100	7.299098	-12.620382	14.579124	0.043100	0.000000	-2.226048	2.226048
0.043200	7.246095	-12.693984	14.616536	0.043200	0.000000	-2.183001	2.183001
0.043300	7.190445	-12.767084	14.652676	0.043300	0.000000	-2.138824	2.138824
0.043400	7.132135	-12.839666	14.687558	0.043400	0.000000	-2.093531	2.093531
0.043500	7.071155	-12.911713	14.721194	0.043500	0.000000	-2.047135	2.047135
0.043600	7.007496	-12.983207	14.753598	0.043600	0.000000	-1.999651	1.999651
0.043700	6.941149	-13.054131	14.784785	0.043700	0.000000	-1.951096	1.951096
0.043800	6.872107	-13.124464	14.814770	0.043800	0.000000	-1.901485	1.901485
0.043900	6.800365	-13.194188	14.843569	0.043900	0.000000	-1.850837	1.850837
0.044000	6.725919	-13.263281	14.871201	0.044000	0.000000	-1.799168	1.799168
0.044100	6.648766	-13.331723	14.897682	0.044100	0.000000	-1.746500	1.746500
0.044200	6.568904	-13.399492	14.923032	0.044200	0.000000	-1.692851	1.692851
0.044300	6.486333	-13.466566	14.947271	0.044300	0.000000	-1.638242	1.638242
0.044400	6.401054	-13.532921	14.970419	0.044400	0.000000	-1.582696	1.582696
0.044500	6.313069	-13.598533	14.992497	0.044500	0.000000	-1.526235	1.526235
0.044600	6.222383	-13.663379	15.013526	0.044600	0.000000	-1.468882	1.468882
0.044700	6.129000	-13.727433	15.033531	0.044700	0.000000	-1.410662	1.410662
0.044800	6.032927	-13.790669	15.052533	0.044800	0.000000	-1.351600	1.351600
0.044900	5.934172	-13.853061	15.070557	0.044900	0.000000	-1.291721	1.291721
0.045000	5.832743	-13.914581	15.087626	0.045000	0.000000	-1.231053	1.231053
0.045100	5.728652	-13.975204	15.103767	0.045100	0.000000	-1.169622	1.169622
0.045200	5.621911	-14.034899	15.119004	0.045200	0.000000	-1.107457	1.107457
0.045300	5.512532	-14.093639	15.133363	0.045300	0.000000	-1.044588	1.044588
0.045400	5.400530	-14.151394	15.146870	0.045400	0.000000	-0.981043	0.981043
0.045500	5.285922	-14.208135	15.159554	0.045500	0.000000	-0.916854	0.916854
0.045600	5.168725	-14.263830	15.171439	0.045600	0.000000	-0.852051	0.852051
0.045700	5.048957	-14.318450	15.182555	0.045700	0.000000	-0.786667	0.786667
0.045800	4.926639	-14.371962	15.192928	0.045800	0.000000	-0.720733	0.720733
0.045900	4.801791	-14.424335	15.202587	0.045900	0.000000	-0.654284	0.654284
0.046000	4.674437	-14.475537	15.211560	0.046000	0.000000	-0.587352	0.587352
0.046100	4.544600	-14.525536	15.219874	0.046100	0.000000	-0.519972	0.519972
0.046200	4.412306	-14.574297	15.227559	0.046200	0.000000	-0.452180	0.452180
0.046300	4.277582	-14.621787	15.234644	0.046300	0.000000	-0.384011	0.384011
0.046400	4.140454	-14.667973	15.241155	0.046400	0.000000	-0.315500	0.315500
0.046500	4.000953	-14.712821	15.247122	0.046500	0.000000	-0.246685	0.246685
0.046600	3.859109	-14.756296	15.252573	0.046600	0.000000	-0.177602	0.177602
0.046700	3.714953	-14.798363	15.257537	0.046700	0.000000	-0.108290	0.108290
0.046800	3.568517	-14.838988	15.262040	0.046800	0.000000	-0.038785	0.038785
0.046900	3.419838	-14.878135	15.266112	0.046900	0.000000	0.030873	0.030873
0.047000	3.268948	-14.915768	15.269779	0.047000	0.000000	0.100646	0.100646
0.047100	3.115885	-14.951853	15.273069	0.047100	0.000000	0.170494	0.170494
0.047200	2.960687	-14.986353	15.276009	0.047200	0.000000	0.240380	0.240380
0.047300	2.803391	-15.019234	15.278625	0.047300	0.000000	0.310262	0.310262
0.047400	2.644038	-15.050458	15.280943	0.047400	0.000000	0.380100	0.380100
0.047500	2.482669	-15.079990	15.282988	0.047500	0.000000	0.449856	0.449856
0.047600	2.319325	-15.107793	15.284786	0.047600	0.000000	0.519487	0.519487
0.047700	2.154049	-15.133833	15.286361	0.047700	0.000000	0.588954	0.588954
0.047800	1.986886	-15.158074	15.287737	0.047800	0.000000	0.658217	0.658217
0.047900	1.817881	-15.180478	15.288937	0.047900	0.000000	0.727233	0.727233
0.048000	1.647079	-15.201011	15.289984	0.048000	0.000000	0.795963	0.795963
0.048100	1.474527	-15.219637	15.290899	0.048100	0.000000	0.864366	0.864366
0.048200	1.300274	-15.236321	15.291703	0.048200	0.000000	0.932401	0.932401
0.048300	1.124367	-15.251027	15.292417	0.048300	0.000000	1.000026	1.000026
0.048400	0.946857	-15.263721	15.293061	0.048400	0.000000	1.067202	1.067202
0.048500	0.767794	-15.274367	15.293652	0.048500	0.000000	1.133886	1.133886
0.048600	0.587229	-15.282931	15.294209	0.048600	0.000000	1.200040	1.200040
0.048700	0.405215	-15.289380	15.294749	0.048700	0.000000	1.265623	1.265623
0.048800	0.221804	-15.293680	15.295288	0.048800	0.000000	1.330593	1.330593
0.048900	0.037050	-15.295796	15.295841	0.048900	0.000000	1.394913	1.394913
0.049000	-0.148993	-15.295697	15.296423	0.049000	0.000000	1.458540	1.458540
0.049100	-0.336269	-15.293350	15.297047	0.049100	0.000000	1.521437	1.521437
0.049200	-0.524724	-15.288723	15.297725	0.049200	0.000000	1.583564	1.583564
0.049300	-0.714301	-15.281784	15.298469	0.049300	0.000000	1.644882	1.644882
0.049400	-0.904943	-15.272503	15.299290	0.049400	0.000000	1.705353	1.705353
0.049500	-1.096593	-15.260849	15.300197	0.049500	0.000000	1.764939	1.764939
0.049600	-1.289192	-15.246792	15.301199	0.049600	0.000000	1.823602	1.823602
0.049700	-1.482683	-15.230304	15.302304	0.049700	0.000000	1.881306	1.881306
0.049800	-1.677006	-15.211356	15.303519	0.049800	0.000000	1.938014	1.938014
0.049900	-1.872102	-15.189920	15.304850	0.049900	0.000000	1.993689	1.993689
0.050000	-2.067911	-15.165970	15.306303	0.050000	0.000000	2.048297	2.048297
0.050100	-2.264372	-15.139479	15.307880	0.050100	0.000000	2.101802	2.101802
0.050200	-2.461427	-15.110421	15.309586	0.050200	0.000000	2.154170	2.154170
0.050300	-2.659012	-15.078772	15.311424	0.050300	0.000000	2.205368	2.205368
0.050400	-2.857068	-15.044508	15.313395	0.050400	0.000000	2.255363	2.255363
0.050500	-3.055533	-15.007606	15.315500	0.050500	0.000000	2.304122	2.304122
0.050600	-3.254345	-14.968044	15.317738	0.050600	0.000000	2.351614	2.351614
0.050700	-3.453441	-14.925801	15.320111	0.050700	0.000000	2.397809	2.397809
0.050800	-3.652762	-14.880857	15.322616	0.050800	0.000000	2.442675	2.442675
0.050900	-3.852242	-14.833191	15.325251	0.050900	0.000000	2.486185	2.486185
0.051000	-4.051822	-14.782786	15.328014	0.051000	0.000000	2.528309	2.528309
0.051100	-4.251437	-14.729624	15.330902	0.051100	0.000000	2.569020	2.569020
0.051200	-4.451026	-14.673689	15.333910	0.051200	0.000000	2.608291	2.608291
0.051300	-4.650526	-14.614966	15.337034	0.051300	0.000000	2.646097	2.646097
0.051400	-4.849874	-14.553440	15.340270	0.051400	0.000000	2.682412	2.682412
0.051500	-5.049008	-14.489097	15.343612	0.051500	0.000000	2.717213	2.717213
0.051600	-5.247864	-14.421927	15.347053	0.051600	0.000000	2.750477	2.750477
0.051700	-5.446382	-14.351916	15.350589	0.051700	0.000000	2.782180	2.782180
0.051800	-5.644498	-14.279057	15.354212	0.051800	0.000000	2.812304	2.812304
0.051900	-5.842150	-14.203339	15.357915	0.051900	0.000000	2.840826	2.840826
0.052000	-6.039276	-14.124755	15.361691	0.052000	0.000000	2.867728	2.867728
0.052100	-6.235814	-14.043299	15.365533	0.052100	0.000000	2.892992	2.892992
0.052200	-6.431702	-13.958964	15.369433	0.052200	0.000000	2.916601	2.916601
0.052300	-6.626879	-13.871747	15.373383	0.052300	0.000000	2.938538	2.938538
0.052400	-6.821284	-13.781645	15.377375	0.052400	0.000000	2.958788	2.958788
0.052500	-7.014855	-13.688655	15.381400	0.052500	0.000000	2.977339	2.977339
0.052600	-7.207532	-13.592778	15.385452	0.052600	0.000000	2.994175	2.994175
0.052700	-7.399254	-13.494013	15.389521	0.052700	0.000000	3.009287	3.009287
0.052800	-7.589962	-13.392362	15.393599	0.052800	0.000000	3.022662	3.022662
0.052900	-7.779596	-13.287829	15.397678	0.052900	0.000000	3.034292	3.034292
0.053000	-7.968096	-13.180417	15.401751	0.053000	0.000000	3.044167	3.044167
0.053100	-8.155403	-13.070131	15.405808	0.053100	0.000000	3.052281	3.052281
0.053200	-8.341460	-12.956979	15.409843	0.053200	0.000000	3.058626	3.058626
0.053300	-8.526207	-12.840968	15.413847	0.053300	0.000000	3.063198	3.063198
0.053400	-8.709588	-12.722107	15.417813	0.053400	0.000000	3.065993	3.065993
0.053500	-8.891546	-12.600407	15.421733	0.053500	0.000000	3.067006	3.067006
0.053600	-9.072023	-12.475879	15.425601	0.053600	0.000000	3.066238	3.066238
0.053700	-9.250964	-12.348536	15.429410	0.053700	0.000000	3.063685	3.063685
0.053800	-9.428314	-12.218392	15.433153	0.053800	0.000000	3.059350	3.059350
0.053900	-9.604017	-12.085461	15.436823	0.053900	0.000000	3.053233	3.053233
0.054000	-9.778019	-11.949761	15.440416	0.054000	0.000000	3.045338	3.045338
0.054100	-9.950267	-11.811309	15.443926	0.054100	0.000000	3.035666	3.035666
0.054200	-10.120707	-11.670124	15.447346	0.054200	0.000000	3.024224	3.024224
0.054300	-10.289286	-11.526226	15.450673	0.054300	0.000000	3.011017	3.011017
0.054400	-10.455953	-11.379637	15.453902	0.054400	0.000000	2.996052	2.996052
0.054500	-10.620657	-11.230378	15.457029	0.054500	0.000000	2.979336	2.979336
0.054600	-10.783347	-11.078473	15.460050	0.054600	0.000000	2.960880	2.960880
0.054700	-10.943974	-10.923948	15.462962	0.054700	0.000000	2.940694	2.940694
0.054800	-11.102487	-10.766827	15.465762	0.054800	0.000000	2.918787	2.918787
0.054900	-11.258839	-10.607139	15.468447	0.054900	0.000000	2.895174	2.895174
0.055000	-11.412983	-10.444911	15.471016	0.055000	0.000000	2.869867	2.869867
0.055100	-11.564870	-10.280174	15.473467	0.055100	0.000000	2.842880	2.842880
0.055200	-11.714455	-10.112956	15.475799	0.055200	0.000000	2.814229	2.814229
0.055300	-11.861693	-9.943291	15.478010	0.055300	0.000000	2.783930	2.783930
0.055400	-12.006539	-9.771210	15.480101	0.055400	0.000000	2.752001	2.752001
0.055500	-12.148948	-9.596748	15.482071	0.055500	0.000000	2.718461	2.718461
0.055600	-12.288879	-9.419939	15.483921	0.055600	0.000000	2.683328	2.683328
0.055700	-12.426289	-9.240819	15.485651	0.055700	0.000000	2.646623	2.646623
0.055800	-12.561135	-9.059426	15.487263	0.055800	0.000000	2.608367	2.608367
0.055900	-12.693379	-8.875797	15.488758	0.055900	0.000000	2.568583	2.568583
0.056000	-12.822979	-8.689970	15.490138	0.056000	0.000000	2.527293	2.527293
0.056100	-12.949898	-8.501987	15.491405	0.056100	0.000000	2.484522	2.484522
0.056200	-13.074097	-8.311888	15.492562	0.056200	0.000000	2.440295	2.440295
0.056300	-13.195538	-8.119714	15.493611	0.056300	0.000000	2.394638	2.394638
0.056400	-13.314186	-7.925509	15.494556	0.056400	0.000000	2.347577	2.347577
0.056500	-13.430006	-7.729316	15.495399	0.056500	0.000000	2.299139	2.299139
0.056600	-13.542962	-7.531180	15.496145	0.056600	0.000000	2.249354	2.249354
0.056700	-13.653022	-7.331146	15.496797	0.056700	0.000000	2.198250	2.198250
0.056800	-13.760151	-7.129261	15.497359	0.056800	0.000000	2.145858	2.145858
0.056900	-13.864320	-6.925571	15.497835	0.056900	0.000000	2.092207	2.092207
0.057000	-13.965496	-6.720124	15.498230	0.057000	0.000000	2.037330	2.037330
0.057100	-14.063650	-6.512970	15.498549	0.057100	0.000000	1.981259	1.981259
0.057200	-14.158752	-6.304157	15.498796	0.057200	0.000000	1.924026	1.924026
0.057300	-14.250776	-6.093736	15.498975	0.057300	0.000000	1.865665	1.865665
0.057400	-14.339692	-5.881758	15.499092	0.057400	0.000000	1.806211	1.806211
0.057500	-14.425477	-5.668274	15.499152	0.057500	0.000000	1.745698	1.745698
0.057600	-14.508103	-5.453337	15.499159	0.057600	0.000000	1.684161	1.684161
0.057700	-14.587547	-5.236999	15.499119	0.057700	0.000000	1.621637	1.621637
0.057800	-14.663785	-5.019314	15.499036	0.057800	0.000000	1.558163	1.558163
0.057900	-14.736796	-4.800337	15.498916	0.057900	0.000000	1.493776	1.493776
0.058000	-14.806557	-4.580121	15.498763	0.058000	0.000000	1.428513	1.428513
0.058100	-14.873049	-4.358723	15.498582	0.058100	0.000000	1.362413	1.362413
0.058200	-14.936251	-4.136198	15.498378	0.058200	0.000000	1.295515	1.295515
0.058300	-14.996146	-3.912602	15.498156	0.058300	0.000000	1.227858	1.227858
0.058400	-15.052715	-3.687992	15.497920	0.058400	0.000000	1.159481	1.159481
0.058500	-15.105943	-3.462426	15.497674	0.058500	0.000000	1.090424	1.090424
0.058600	-15.155814	-3.235960	15.497423	0.058600	0.000000	1.020729	1.020729
0.058700	-15.202312	-3.008654	15.497171	0.058700	0.000000	0.950435	0.950435
0.058800	-15.245426	-2.780565	15.496921	0.058800	0.000000	0.879585	0.879585
0.058900	-15.285142	-2.551752	15.496677	0.058900	0.000000	0.808220	0.808220
0.059000	-15.321448	-2.322275	15.496442	0.059000	0.000000	0.736380	0.736380
0.059100	-15.354334	-2.092192	15.496220	0.059100	0.000000	0.664110	0.664110
0.059200	-15.383791	-1.861564	15.496014	0.059200	0.000000	0.591451	0.591451
0.059300	-15.409809	-1.630450	15.495825	0.059300	0.000000	0.518445	0.518445
0.059400	-15.432382	-1.398910	15.495657	0.059400	0.000000	0.445135	0.445135
0.059500	-15.451503	-1.167005	15.495511	0.059500	0.000000	0.371565	0.371565
0.059600	-15.467166	-0.934795	15.495389	0.059600	0.000000	0.297776	0.297776
0.059700	-15.479367	-0.702341	15.495292	0.059700	0.000000	0.223814	0.223814
0.059800	-15.488102	-0.469703	15.495222	0.059800	0.000000	0.149720	0.149720
0.059900	-15.493368	-0.236943	15.495180	0.059900	0.000000	0.075539	0.075539
0.060000	-15.495165	-0.004120	15.495166	0.060000	0.000000	0.001314	0.001314
0.060100	-15.493491	0.228703	15.495179	0.060100	0.000000	-0.072913	0.072913
0.060200	-15.488347	0.461467	15.495221	0.060200	0.000000	-0.147096	0.147096
0.060300	-15.479735	0.694110	15.495289	0.060300	0.000000	-0.221194	0.221194
0.060400	-15.467657	0.926572	15.495385	0.060400	0.000000	-0.295162	0.295162
0.060500	-15.452117	1.158792	15.495506	0.060500	0.000000	-0.368956	0.368956
0.060600	-15.433118	1.390708	15.495651	0.060600	0.000000	-0.442535	0.442535
0.060700	-15.410667	1.622262	15.495819	0.060700	0.000000	-0.515855	0.515855
0.060800	-15.384770	1.853392	15.496007	0.060800	0.000000	-0.588872	0.588872
0.060900	-15.355435	2.084039	15.496213	0.060900	0.000000	-0.661545	0.661545
0.061000	-15.322670	2.314142	15.496434	0.061000	0.000000	-0.733830	0.733830
0.061100	-15.286485	2.543642	15.496668	0.061100	0.000000	-0.805685	0.805685
0.061200	-15.246890	2.772479	15.496912	0.061200	0.000000	-0.877068	0.877068
0.061300	-15.203896	3.000595	15.497162	0.061300	0.000000	-0.947937	0.947937
0.061400	-15.157517	3.227930	15.497414	0.061400	0.000000	-1.018251	1.018251
0.061500	-15.107766	3.454426	15.497666	0.061500	0.000000	-1.087968	1.087968
0.061600	-15.054656	3.680025	15.497912	0.061600	0.000000	-1.157048	1.157048
0.061700	-14.998205	3.904670	15.498148	0.061700	0.000000	-1.225450	1.225450
0.061800	-14.938428	4.128302	15.498371	0.061800	0.000000	-1.293133	1.293133
0.061900	-14.875342	4.350866	15.498575	0.061900	0.000000	-1.360059	1.360059
0.062000	-14.808967	4.572306	15.498757	0.062000	0.000000	-1.426188	1.426188
0.062100	-14.739321	4.792564	15.498911	0.062100	0.000000	-1.491481	1.491481
0.062200	-14.666425	5.011586	15.499032	0.062200	0.000000	-1.555900	1.555900
0.062300	-14.590300	5.229317	15.499117	0.062300	0.000000	-1.619407	1.619407
0.062400	-14.510969	5.445704	15.499158	0.062400	0.000000	-1.681965	1.681965
0.062500	-14.428455	5.660691	15.499153	0.062500	0.000000	-1.743537	1.743537
0.062600	-14.342782	5.874228	15.499095	0.062600	0.000000	-1.804087	1.804087
0.062700	-14.253976	6.086260	15.498980	0.062700	0.000000	-1.863579	1.863579
0.062800	-14.162062	6.296737	15.498803	0.062800	0.000000	-1.921979	1.921979
0.062900	-14.067068	6.505607	15.498559	0.062900	0.000000	-1.979253	1.979253
0.063000	-13.969021	6.712821	15.498243	0.063000	0.000000	-2.035366	2.035366
0.063100	-13.867952	6.918329	15.497850	0.063100	0.000000	-2.090286	2.090286
0.063200	-13.763889	7.122082	15.497377	0.063200	0.000000	-2.143980	2.143980
0.063300	-13.656863	7.324032	15.496818	0.063300	0.000000	-2.196418	2.196418
0.063400	-13.546907	7.524133	15.496169	0.063400	0.000000	-2.247568	2.247568
0.063500	-13.434053	7.722337	15.495427	0.063500	0.000000	-2.297400	2.297400
0.063600	-13.318334	7.918599	15.494587	0.063600	0.000000	-2.345886	2.345886
0.063700	-13.199785	8.112875	15.493646	0.063700	0.000000	-2.392996	2.392996
0.063800	-13.078442	8.305122	15.492601	0.063800	0.000000	-2.438704	2.438704
0.063900	-12.954340	8.495295	15.491448	0.063900	0.000000	-2.482982	2.482982
0.064000	-12.827517	8.683354	15.490185	0.064000	0.000000	-2.525805	2.525805
0.064100	-12.698011	8.869257	15.488809	0.064100	0.000000	-2.567147	2.567147
0.064200	-12.565860	9.052965	15.487318	0.064200	0.000000	-2.606985	2.606985
0.064300	-12.431105	9.234438	15.485710	0.064300	0.000000	-2.645295	2.645295
0.064400	-12.293786	9.413639	15.483984	0.064400	0.000000	-2.682056	2.682056
0.064500	-12.153944	9.590530	15.482138	0.064500	0.000000	-2.717245	2.717245
0.064600	-12.011621	9.765076	15.480173	0.064600	0.000000	-2.750842	2.750842
