0.000000	-2366.738116	171.051624	2372.911285	0.000000	0.000000	-171.641332	171.641332
0.000100	-27.296107	2.377564	27.399458	0.000100	0.000000	-2.376395	2.376395
0.000200	-27.115695	2.423858	27.223813	0.000200	0.000000	-2.422660	2.422660
0.000300	-26.930976	2.468731	27.043892	0.000300	0.000000	-2.467505	2.467505
0.000400	-26.741993	2.512157	26.859731	0.000400	0.000000	-2.510903	2.510903
0.000500	-26.548792	2.554112	26.671368	0.000500	0.000000	-2.552830	2.552830
0.000600	-26.351418	2.594570	26.478841	0.000600	0.000000	-2.593260	2.593260
0.000700	-26.149916	2.633509	26.282190	0.000700	0.000000	-2.632171	2.632171
0.000800	-25.944337	2.670905	26.081456	0.000800	0.000000	-2.669539	2.669539
0.000900	-25.734726	2.706737	25.876680	0.000900	0.000000	-2.705343	2.705343
0.001000	-25.521136	2.740983	25.667905	0.001000	0.000000	-2.739562	2.739562
0.001100	-25.303615	2.773625	25.455175	0.001100	0.000000	-2.772177	2.772177
0.001200	-25.082216	2.804643	25.238534	0.001200	0.000000	-2.803168	2.803168
0.001300	-24.856992	2.834020	25.018027	0.001300	0.000000	-2.832517	2.832517
0.001400	-24.627995	2.861738	24.793702	0.001400	0.000000	-2.860208	2.860208
0.001500	-24.395280	2.887782	24.565606	0.001500	0.000000	-2.886226	2.886226
0.001600	-24.158903	2.912136	24.333786	0.001600	0.000000	-2.910554	2.910554
0.001700	-23.918920	2.934788	24.098293	0.001700	0.000000	-2.933180	2.933180
0.001800	-23.675388	2.955725	23.859176	0.001800	0.000000	-2.954090	2.954090
0.001900	-23.428364	2.974934	23.616488	0.001900	0.000000	-2.973273	2.973273
0.002000	-23.177909	2.992405	23.370279	0.002000	0.000000	-2.990718	2.990718
0.002100	-22.924082	3.008129	23.120605	0.002100	0.000000	-3.006417	3.006417
0.002200	-22.666942	3.022096	22.867517	0.002200	0.000000	-3.020359	3.020359
0.002300	-22.406553	3.034301	22.611072	0.002300	0.000000	-3.032538	3.032538
0.002400	-22.142975	3.044736	22.351326	0.002400	0.000000	-3.042948	3.042948
0.002500	-21.876272	3.053396	22.088334	0.002500	0.000000	-3.051584	3.051584
0.002600	-21.606508	3.060277	21.822155	0.002600	0.000000	-3.058440	3.058440
0.002700	-21.333746	3.065377	21.552848	0.002700	0.000000	-3.063515	3.063515
0.002800	-21.058053	3.068692	21.280472	0.002800	0.000000	-3.066807	3.066807
0.002900	-20.779495	3.070224	21.005087	0.002900	0.000000	-3.068314	3.068314
0.003000	-20.498137	3.069971	20.726754	0.003000	0.000000	-3.068037	3.068037
0.003100	-20.214048	3.067935	20.445536	0.003100	0.000000	-3.065978	3.065978
0.003200	-19.927295	3.064119	20.161495	0.003200	0.000000	-3.062139	3.062139
0.003300	-19.637946	3.058527	19.874696	0.003300	0.000000	-3.056523	3.056523
0.003400	-19.346072	3.051163	19.585201	0.003400	0.000000	-3.049137	3.049137
0.003500	-19.051742	3.042033	19.293077	0.003500	0.000000	-3.039985	3.039985
0.003600	-18.755026	3.031145	18.998390	0.003600	0.000000	-3.029074	3.029074
0.003700	-18.455995	3.018507	18.701206	0.003700	0.000000	-3.016413	3.016413
0.003800	-18.154721	3.004126	18.401594	0.003800	0.000000	-3.002011	3.002011
0.003900	-17.851275	2.988015	18.099620	0.003900	0.000000	-2.985878	2.985878
0.004000	-17.545731	2.970185	17.795355	0.004000	0.000000	-2.968026	2.968026
0.004100	-17.238160	2.950647	17.488867	0.004100	0.000000	-2.948467	2.948467
0.004200	-16.928637	2.929416	17.180228	0.004200	0.000000	-2.927214	2.927214
0.004300	-16.617235	2.906505	16.869507	0.004300	0.000000	-2.904283	2.904283
0.004400	-16.304029	2.881932	16.556777	0.004400	0.000000	-2.879689	2.879689
0.004500	-15.989092	2.855712	16.242110	0.004500	0.000000	-2.853448	2.853448
0.004600	-15.672499	2.827863	15.925578	0.004600	0.000000	-2.825579	2.825579
0.004700	-15.354326	2.798404	15.607255	0.004700	0.000000	-2.796101	2.796101
0.004800	-15.034649	2.767354	15.287214	0.004800	0.000000	-2.765032	2.765032
0.004900	-14.713542	2.734736	14.965530	0.004900	0.000000	-2.732394	2.732394
0.005000	-14.391081	2.700569	14.642278	0.005000	0.000000	-2.698208	2.698208
0.005100	-14.067344	2.664877	14.317532	0.005100	0.000000	-2.662497	2.662497
0.005200	-13.742405	2.627684	13.991369	0.005200	0.000000	-2.625285	2.625285
0.005300	-13.416341	2.589014	13.663865	0.005300	0.000000	-2.586597	2.586597
0.005400	-13.089229	2.548892	13.335095	0.005400	0.000000	-2.546457	2.546457
0.005500	-12.761146	2.507345	13.005138	0.005500	0.000000	-2.504893	2.504893
0.005600	-12.432167	2.464400	12.674070	0.005600	0.000000	-2.461930	2.461930
0.005700	-12.102370	2.420086	12.341968	0.005700	0.000000	-2.417598	2.417598
0.005800	-11.771831	2.374430	12.008910	0.005800	0.000000	-2.371926	2.371926
0.005900	-11.440626	2.327463	11.674974	0.005900	0.000000	-2.324942	2.324942
0.006000	-11.108833	2.279215	11.340238	0.006000	0.000000	-2.276678	2.276678
0.006100	-10.776528	2.229718	11.004781	0.006100	0.000000	-2.227164	2.227164
0.006200	-10.443787	2.179003	10.668680	0.006200	0.000000	-2.176433	2.176433
0.006300	-10.110685	2.127103	10.332014	0.006300	0.000000	-2.124518	2.124518
0.006400	-9.777300	2.074051	9.994863	0.006400	0.000000	-2.071451	2.071451
0.006500	-9.443706	2.019882	9.657304	0.006500	0.000000	-2.017267	2.017267
0.006600	-9.109980	1.964629	9.319415	0.006600	0.000000	-1.962000	1.962000
0.006700	-8.776196	1.908329	8.981277	0.006700	0.000000	-1.905685	1.905685
0.006800	-8.442429	1.851017	8.642967	0.006800	0.000000	-1.848359	1.848359
0.006900	-8.108754	1.792730	8.304563	0.006900	0.000000	-1.790057	1.790057
0.007000	-7.775244	1.733503	7.966144	0.007000	0.000000	-1.730818	1.730818
0.007100	-7.441974	1.673375	7.627789	0.007100	0.000000	-1.670677	1.670677
0.007200	-7.109017	1.612384	7.289575	0.007200	0.000000	-1.609672	1.609672
0.007300	-6.776445	1.550567	6.951580	0.007300	0.000000	-1.547843	1.547843
0.007400	-6.444331	1.487964	6.613883	0.007400	0.000000	-1.485227	1.485227
0.007500	-6.112747	1.424613	6.276559	0.007500	0.000000	-1.421864	1.421864
0.007600	-5.781764	1.360553	5.939688	0.007600	0.000000	-1.357793	1.357793
0.007700	-5.451451	1.295825	5.603346	0.007700	0.000000	-1.293053	1.293053
0.007800	-5.121880	1.230468	5.267609	0.007800	0.000000	-1.227685	1.227685
0.007900	-4.793120	1.164522	4.932556	0.007900	0.000000	-1.161728	1.161728
0.008000	-4.465239	1.098028	4.598263	0.008000	0.000000	-1.095223	1.095223
0.008100	-4.138305	1.031026	4.264807	0.008100	0.000000	-1.028211	1.028211
0.008200	-3.812385	0.963557	3.932266	0.008200	0.000000	-0.960732	0.960732
0.008300	-3.487545	0.895661	3.600719	0.008300	0.000000	-0.892826	0.892826
0.008400	-3.163852	0.827379	3.270247	0.008400	0.000000	-0.824536	0.824536
0.008500	-2.841370	0.758753	2.940933	0.008500	0.000000	-0.755901	0.755901
0.008600	-2.520162	0.689823	2.612867	0.008600	0.000000	-0.686962	0.686962
0.008700	-2.200293	0.620631	2.286147	0.008700	0.000000	-0.617761	0.617761
0.008800	-1.881823	0.551215	1.960892	0.008800	0.000000	-0.548338	0.548338
0.008900	-1.564814	0.481619	1.637254	0.008900	0.000000	-0.478733	0.478733
0.009000	-1.249326	0.411882	1.315470	0.009000	0.000000	-0.408989	0.408989
0.009100	-0.935419	0.342044	0.995993	0.009100	0.000000	-0.339144	0.339144
0.009200	-0.623150	0.272146	0.679985	0.009200	0.000000	-0.269239	0.269239
0.009300	-0.312577	0.202228	0.372291	0.009300	0.000000	-0.199315	0.199315
0.009400	-0.003756	0.132330	0.132384	0.009400	0.000000	-0.129411	0.129411
0.009500	0.303259	0.062492	0.309631	0.009500	0.000000	-0.059566	0.059566
0.009600	0.608413	-0.007249	0.608456	0.009600	0.000000	0.010179	0.010179
0.009700	0.911654	-0.076851	0.914887	0.009700	0.000000	0.079787	0.079787
0.009800	1.212929	-0.146278	1.221718	0.009800	0.000000	0.149219	0.149219
0.009900	1.512189	-0.215490	1.527466	0.009900	0.000000	0.218436	0.218436
0.010000	1.809385	-0.284451	1.831607	0.010000	0.000000	0.287401	0.287401
0.010100	2.104467	-0.353122	2.133888	0.010100	0.000000	0.356076	0.356076
0.010200	2.397390	-0.421468	2.434156	0.010200	0.000000	0.424425	0.424425
0.010300	2.688107	-0.489451	2.732304	0.010300	0.000000	0.492411	0.492411
0.010400	2.976575	-0.557036	3.028248	0.010400	0.000000	0.559999	0.559999
0.010500	3.262750	-0.624188	3.321919	0.010500	0.000000	0.627153	0.627153
0.010600	3.546590	-0.690871	3.613254	0.010600	0.000000	0.693839	0.693839
0.010700	3.828055	-0.757053	3.902196	0.010700	0.000000	0.760023	0.760023
0.010800	4.107106	-0.822699	4.188693	0.010800	0.000000	0.825671	0.825671
0.010900	4.383704	-0.887777	4.472696	0.010900	0.000000	0.890750	0.890750
0.011000	4.657813	-0.952254	4.754157	0.011000	0.000000	0.955228	0.955228
0.011100	4.929398	-1.016099	5.033033	0.011100	0.000000	1.019074	1.019074
0.011200	5.198425	-1.079282	5.309281	0.011200	0.000000	1.082256	1.082256
0.011300	5.464861	-1.141771	5.582862	0.011300	0.000000	1.144746	1.144746
0.011400	5.728674	-1.203539	5.853735	0.011400	0.000000	1.206513	1.206513
0.011500	5.989836	-1.264555	6.121866	0.011500	0.000000	1.267529	1.267529
0.011600	6.248317	-1.324793	6.387218	0.011600	0.000000	1.327766	1.327766
0.011700	6.504091	-1.384226	6.649758	0.011700	0.000000	1.387197	1.387197
0.011800	6.757131	-1.442827	6.909455	0.011800	0.000000	1.445796	1.445796
0.011900	7.007413	-1.500570	7.166279	0.011900	0.000000	1.503538	1.503538
0.012000	7.254915	-1.557432	7.420201	0.012000	0.000000	1.560397	1.560397
0.012100	7.499613	-1.613387	7.671194	0.012100	0.000000	1.616350	1.616350
0.012200	7.741489	-1.668414	7.919233	0.012200	0.000000	1.671374	1.671374
0.012300	7.980522	-1.722491	8.164295	0.012300	0.000000	1.725447	1.725447
0.012400	8.216696	-1.775595	8.406356	0.012400	0.000000	1.778548	1.778548
0.012500	8.449994	-1.827707	8.645398	0.012500	0.000000	1.830656	1.830656
0.012600	8.680401	-1.878806	8.881400	0.012600	0.000000	1.881751	1.881751
0.012700	8.907904	-1.928875	9.114346	0.012700	0.000000	1.931815	1.931815
0.012800	9.132489	-1.977895	9.344219	0.012800	0.000000	1.980831	1.980831
0.012900	9.354148	-2.025850	9.571006	0.012900	0.000000	2.028780	2.028780
0.013000	9.572869	-2.072723	9.794693	0.013000	0.000000	2.075648	2.075648
0.013100	9.788645	-2.118500	10.015269	0.013100	0.000000	2.121419	2.121419
0.013200	10.001468	-2.163165	10.232724	0.013200	0.000000	2.166078	2.166078
0.013300	10.211333	-2.206706	10.447051	0.013300	0.000000	2.209612	2.209612
0.013400	10.418235	-2.249110	10.658242	0.013400	0.000000	2.252009	2.252009
0.013500	10.622171	-2.290364	10.866291	0.013500	0.000000	2.293256	2.293256
0.013600	10.823140	-2.330459	11.071196	0.013600	0.000000	2.333344	2.333344
0.013700	11.021139	-2.369384	11.272954	0.013700	0.000000	2.372261	2.372261
0.013800	11.216171	-2.407131	11.471564	0.013800	0.000000	2.410000	2.410000
0.013900	11.408237	-2.443690	11.667025	0.013900	0.000000	2.446550	2.446550
0.014000	11.597338	-2.479054	11.859341	0.014000	0.000000	2.481906	2.481906
0.014100	11.783481	-2.513217	12.048513	0.014100	0.000000	2.516060	2.516060
0.014200	11.966668	-2.546173	12.234547	0.014200	0.000000	2.549007	2.549007
0.014300	12.146908	-2.577917	12.417449	0.014300	0.000000	2.580741	2.580741
0.014400	12.324207	-2.608444	12.597225	0.014400	0.000000	2.611258	2.611258
0.014500	12.498574	-2.637752	12.773883	0.014500	0.000000	2.640555	2.640555
0.014600	12.670018	-2.665837	12.947434	0.014600	0.000000	2.668630	2.668630
0.014700	12.838550	-2.692698	13.117888	0.014700	0.000000	2.695480	2.695480
0.014800	13.004182	-2.718333	13.285258	0.014800	0.000000	2.721104	2.721104
0.014900	13.166925	-2.742743	13.449556	0.014900	0.000000	2.745502	2.745502
0.015000	13.326795	-2.765927	13.610798	0.015000	0.000000	2.768674	2.768674
0.015100	13.483804	-2.787886	13.768997	0.015100	0.000000	2.790621	2.790621
0.015200	13.637970	-2.808622	13.924172	0.015200	0.000000	2.811346	2.811346
0.015300	13.789307	-2.828139	14.076340	0.015300	0.000000	2.830849	2.830849
0.015400	13.937833	-2.846438	14.225520	0.015400	0.000000	2.849135	2.849135
0.015500	14.083567	-2.863523	14.371730	0.015500	0.000000	2.866207	2.866207
0.015600	14.226528	-2.879399	14.514993	0.015600	0.000000	2.882070	2.882070
0.015700	14.366734	-2.894071	14.655330	0.015700	0.000000	2.896728	2.896728
0.015800	14.504207	-2.907544	14.792763	0.015800	0.000000	2.910187	2.910187
0.015900	14.638968	-2.919825	14.927316	0.015900	0.000000	2.922453	2.922453
0.016000	14.771039	-2.930919	15.059013	0.016000	0.000000	2.933533	2.933533
0.016100	14.900443	-2.940835	15.187880	0.016100	0.000000	2.943434	2.943434
0.016200	15.027202	-2.949580	15.313942	0.016200	0.000000	2.952163	2.952163
0.016300	15.151342	-2.957163	15.437227	0.016300	0.000000	2.959730	2.959730
0.016400	15.272887	-2.963592	15.557761	0.016400	0.000000	2.966143	2.966143
0.016500	15.391861	-2.968876	15.675574	0.016500	0.000000	2.971411	2.971411
0.016600	15.508292	-2.973025	15.790693	0.016600	0.000000	2.975544	2.975544
0.016700	15.622205	-2.976049	15.903150	0.016700	0.000000	2.978551	2.978551
0.016800	15.733628	-2.977959	16.012972	0.016800	0.000000	2.980444	2.980444
0.016900	15.842587	-2.978765	16.120193	0.016900	0.000000	2.981233	2.981233
0.017000	15.949112	-2.978480	16.224842	0.017000	0.000000	2.980930	2.980930
0.017100	16.053229	-2.977113	16.326952	0.017100	0.000000	2.979546	2.979546
0.017200	16.154969	-2.974679	16.426556	0.017200	0.000000	2.977094	2.977094
0.017300	16.254360	-2.971188	16.523685	0.017300	0.000000	2.973584	2.973584
0.017400	16.351431	-2.966654	16.618373	0.017400	0.000000	2.969032	2.969032
0.017500	16.446213	-2.961089	16.710655	0.017500	0.000000	2.963448	2.963448
0.017600	16.538737	-2.954506	16.800563	0.017600	0.000000	2.956846	2.956846
0.017700	16.629031	-2.946920	16.888132	0.017700	0.000000	2.949240	2.949240
0.017800	16.717128	-2.938343	16.973398	0.017800	0.000000	2.940643	2.940643
0.017900	16.803059	-2.928789	17.056395	0.017900	0.000000	2.931070	2.931070
0.018000	16.886854	-2.918273	17.137157	0.018000	0.000000	2.920533	2.920533
0.018100	16.968546	-2.906808	17.215722	0.018100	0.000000	2.909049	2.909049
0.018200	17.048166	-2.894410	17.292124	0.018200	0.000000	2.896629	2.896629
0.018300	17.125745	-2.881092	17.366399	0.018300	0.000000	2.883291	2.883291
0.018400	17.201316	-2.866869	17.438584	0.018400	0.000000	2.869047	2.869047
0.018500	17.274911	-2.851757	17.508714	0.018500	0.000000	2.853913	2.853913
0.018600	17.346562	-2.835769	17.576826	0.018600	0.000000	2.837904	2.837904
0.018700	17.416301	-2.818922	17.642955	0.018700	0.000000	2.821035	2.821035
0.018800	17.484161	-2.801230	17.707140	0.018800	0.000000	2.803321	2.803321
0.018900	17.550174	-2.782707	17.769414	0.018900	0.000000	2.784776	2.784776
0.019000	17.614373	-2.763370	17.829816	0.019000	0.000000	2.765417	2.765417
0.019100	17.676789	-2.743234	17.888381	0.019100	0.000000	2.745258	2.745258
0.019200	17.737454	-2.722313	17.945146	0.019200	0.000000	2.724314	2.724314
0.019300	17.796402	-2.700623	18.000147	0.019300	0.000000	2.702601	2.702601
0.019400	17.853664	-2.678180	18.053420	0.019400	0.000000	2.680134	2.680134
0.019500	17.909273	-2.654997	18.105001	0.019500	0.000000	2.656928	2.656928
0.019600	17.963260	-2.631091	18.154926	0.019600	0.000000	2.632998	2.632998
0.019700	18.015657	-2.606477	18.203231	0.019700	0.000000	2.608360	2.608360
0.019800	18.066496	-2.581169	18.249951	0.019800	0.000000	2.583028	2.583028
0.019900	18.115808	-2.555183	18.295121	0.019900	0.000000	2.557017	2.557017
0.020000	18.163625	-2.528533	18.338777	0.020000	0.000000	2.530343	2.530343
0.020100	18.209978	-2.501235	18.380954	0.020100	0.000000	2.503020	2.503020
0.020200	18.254898	-2.473303	18.421686	0.020200	0.000000	2.475063	2.475063
0.020300	18.298415	-2.444752	18.461007	0.020300	0.000000	2.446486	2.446486
0.020400	18.340560	-2.415596	18.498952	0.020400	0.000000	2.417305	2.417305
0.020500	18.381363	-2.385850	18.535555	0.020500	0.000000	2.387533	2.387533
0.020600	18.420855	-2.355528	18.570848	0.020600	0.000000	2.357185	2.357185
0.020700	18.459064	-2.324644	18.604866	0.020700	0.000000	2.326276	2.326276
0.020800	18.496021	-2.293213	18.637640	0.020800	0.000000	2.294818	2.294818
0.020900	18.531754	-2.261248	18.669203	0.020900	0.000000	2.262827	2.262827
0.021000	18.566292	-2.228763	18.699588	0.021000	0.000000	2.230316	2.230316
0.021100	18.599663	-2.195772	18.728825	0.021100	0.000000	2.197298	2.197298
0.021200	18.631896	-2.162288	18.756947	0.021200	0.000000	2.163787	2.163787
0.021300	18.663018	-2.128324	18.783983	0.021300	0.000000	2.129797	2.129797
0.021400	18.693057	-2.093894	18.809965	0.021400	0.000000	2.095340	2.095340
0.021500	18.722039	-2.059011	18.834922	0.021500	0.000000	2.060429	2.060429
0.021600	18.749991	-2.023687	18.858883	0.021600	0.000000	2.025078	2.025078
0.021700	18.776939	-1.987936	18.881879	0.021700	0.000000	1.989298	1.989298
0.021800	18.802910	-1.951768	18.903936	0.021800	0.000000	1.953103	1.953103
0.021900	18.827927	-1.915198	18.925085	0.021900	0.000000	1.916505	1.916505
0.022000	18.852017	-1.878236	18.945351	0.022000	0.000000	1.879516	1.879516
0.022100	18.875203	-1.840896	18.964762	0.022100	0.000000	1.842147	1.842147
0.022200	18.897510	-1.803188	18.983345	0.022200	0.000000	1.804410	1.804410
0.022300	18.918962	-1.765124	19.001126	0.022300	0.000000	1.766318	1.766318
0.022400	18.939580	-1.726716	19.018130	0.022400	0.000000	1.727881	1.727881
0.022500	18.959389	-1.687974	19.034382	0.022500	0.000000	1.689111	1.689111
0.022600	18.978410	-1.648911	19.049907	0.022600	0.000000	1.650019	1.650019
0.022700	18.996665	-1.609536	19.064729	0.022700	0.000000	1.610615	1.610615
0.022800	19.014175	-1.569860	19.078871	0.022800	0.000000	1.570910	1.570910
0.022900	19.030960	-1.529894	19.092355	0.022900	0.000000	1.530915	1.530915
0.023000	19.047042	-1.489648	19.105205	0.023000	0.000000	1.490640	1.490640
0.023100	19.062439	-1.449133	19.117442	0.023100	0.000000	1.450095	1.450095
0.023200	19.077171	-1.408358	19.129086	0.023200	0.000000	1.409290	1.409290
0.023300	19.091257	-1.367332	19.140159	0.023300	0.000000	1.368235	1.368235
0.023400	19.104714	-1.326067	19.150681	0.023400	0.000000	1.326940	1.326940
0.023500	19.117561	-1.284570	19.160670	0.023500	0.000000	1.285414	1.285414
0.023600	19.129814	-1.242852	19.170145	0.023600	0.000000	1.243666	1.243666
0.023700	19.141490	-1.200922	19.179125	0.023700	0.000000	1.201705	1.201705
0.023800	19.152605	-1.158787	19.187628	0.023800	0.000000	1.159541	1.159541
0.023900	19.163174	-1.116459	19.195670	0.023900	0.000000	1.117182	1.117182
0.024000	19.173213	-1.073944	19.203267	0.024000	0.000000	1.074637	1.074637
0.024100	19.182735	-1.031252	19.210435	0.024100	0.000000	1.031914	1.031914
0.024200	19.191755	-0.988390	19.217190	0.024200	0.000000	0.989023	0.989023
0.024300	19.200286	-0.945368	19.223546	0.024300	0.000000	0.945970	0.945970
0.024400	19.208340	-0.902194	19.229516	0.024400	0.000000	0.902765	0.902765
0.024500	19.215930	-0.858874	19.235115	0.024500	0.000000	0.859415	0.859415
0.024600	19.223068	-0.815418	19.240354	0.024600	0.000000	0.815928	0.815928
0.024700	19.229763	-0.771833	19.245247	0.024700	0.000000	0.772312	0.772312
0.024800	19.236027	-0.728126	19.249803	0.024800	0.000000	0.728575	0.728575
0.024900	19.241870	-0.684306	19.254034	0.024900	0.000000	0.684724	0.684724
0.025000	19.247300	-0.640379	19.257950	0.025000	0.000000	0.640766	0.640766
0.025100	19.252327	-0.596354	19.261561	0.025100	0.000000	0.596709	0.596709
0.025200	19.256959	-0.552236	19.264876	0.025200	0.000000	0.552561	0.552561
0.025300	19.261203	-0.508034	19.267902	0.025300	0.000000	0.508328	0.508328
0.025400	19.265067	-0.463755	19.270648	0.025400	0.000000	0.464017	0.464017
0.025500	19.268555	-0.419405	19.273119	0.025500	0.000000	0.419636	0.419636
0.025600	19.271676	-0.374991	19.275324	0.025600	0.000000	0.375192	0.375192
0.025700	19.274433	-0.330521	19.277267	0.025700	0.000000	0.330691	0.330691
0.025800	19.276831	-0.286001	19.278953	0.025800	0.000000	0.286140	0.286140
0.025900	19.278875	-0.241439	19.280387	0.025900	0.000000	0.241546	0.241546
0.026000	19.280568	-0.196840	19.281573	0.026000	0.000000	0.196916	0.196916
0.026100	19.281912	-0.152212	19.282513	0.026100	0.000000	0.152257	0.152257
0.026200	19.282911	-0.107561	19.283211	0.026200	0.000000	0.107575	0.107575
0.026300	19.283565	-0.062894	19.283668	0.026300	0.000000	0.062877	0.062877
0.026400	19.283876	-0.018218	19.283885	0.026400	0.000000	0.018170	0.018170
0.026500	19.283845	0.026461	19.283863	0.026500	0.000000	-0.026541	0.026541
0.026600	19.283471	0.071136	19.283602	0.026600	0.000000	-0.071247	0.071247
0.026700	19.282753	0.115800	19.283101	0.026700	0.000000	-0.115942	0.115942
0.026800	19.281692	0.160448	19.282359	0.026800	0.000000	-0.160620	0.160620
0.026900	19.280283	0.205071	19.281374	0.026900	0.000000	-0.205275	0.205275
0.027000	19.278526	0.249663	19.280143	0.027000	0.000000	-0.249898	0.249898
0.027100	19.276418	0.294219	19.278663	0.027100	0.000000	-0.294485	0.294485
0.027200	19.273954	0.338730	19.276930	0.027200	0.000000	-0.339027	0.339027
0.027300	19.271130	0.383190	19.274940	0.027300	0.000000	-0.383518	0.383518
0.027400	19.267943	0.427592	19.272687	0.027400	0.000000	-0.427951	0.427951
0.027500	19.264385	0.471929	19.270165	0.027500	0.000000	-0.472319	0.472319
0.027600	19.260453	0.516195	19.267369	0.027600	0.000000	-0.516616	0.516616
0.027700	19.256138	0.560382	19.264290	0.027700	0.000000	-0.560833	0.560833
0.027800	19.251434	0.604483	19.260922	0.027800	0.000000	-0.604965	0.604965
0.027900	19.246333	0.648491	19.257255	0.027900	0.000000	-0.649004	0.649004
0.028000	19.240827	0.692398	19.253282	0.028000	0.000000	-0.692942	0.692942
0.028100	19.234908	0.736198	19.248991	0.028100	0.000000	-0.736772	0.736772
0.028200	19.228565	0.779883	19.244374	0.028200	0.000000	-0.780488	0.780488
0.028300	19.221789	0.823445	19.239419	0.028300	0.000000	-0.824080	0.824080
0.028400	19.214569	0.866876	19.234114	0.028400	0.000000	-0.867542	0.867542
0.028500	19.206894	0.910169	19.228448	0.028500	0.000000	-0.910865	0.910865
0.028600	19.198753	0.953316	19.222407	0.028600	0.000000	-0.954043	0.954043
0.028700	19.190133	0.996309	19.215978	0.028700	0.000000	-0.997066	0.997066
0.028800	19.181021	1.039140	19.209148	0.028800	0.000000	-1.039926	1.039926
0.028900	19.171404	1.081800	19.201902	0.028900	0.000000	-1.082616	1.082616
0.029000	19.161269	1.124281	19.194224	0.029000	0.000000	-1.125127	1.125127
0.029100	19.150599	1.166574	19.186098	0.029100	0.000000	-1.167450	1.167450
0.029200	19.139382	1.208671	19.177508	0.029200	0.000000	-1.209577	1.209577
0.029300	19.127600	1.250563	19.168438	0.029300	0.000000	-1.251498	1.251498
0.029400	19.115239	1.292241	19.158868	0.029400	0.000000	-1.293206	1.293206
0.029500	19.102280	1.333695	19.148782	0.029500	0.000000	-1.334689	1.334689
0.029600	19.088708	1.374917	19.138160	0.029600	0.000000	-1.375941	1.375941
0.029700	19.074504	1.415896	19.126982	0.029700	0.000000	-1.416949	1.416949
0.029800	19.059650	1.456624	19.115230	0.029800	0.000000	-1.457706	1.457706
0.029900	19.044127	1.497090	19.102881	0.029900	0.000000	-1.498201	1.498201
0.030000	19.027916	1.537285	19.089915	0.030000	0.000000	-1.538425	1.538425
0.030100	19.010998	1.577198	19.076310	0.030100	0.000000	-1.578366	1.578366
0.030200	18.993351	1.616818	19.062043	0.030200	0.000000	-1.618015	1.618015
0.030300	18.974956	1.656136	19.047093	0.030300	0.000000	-1.657362	1.657362
0.030400	18.955790	1.695141	19.031434	0.030400	0.000000	-1.696395	1.696395
0.030500	18.935833	1.733821	19.015044	0.030500	0.000000	-1.735104	1.735104
0.030600	18.915061	1.772167	18.997898	0.030600	0.000000	-1.773477	1.773477
0.030700	18.893452	1.810165	18.979970	0.030700	0.000000	-1.811503	1.811503
0.030800	18.870984	1.847806	18.961234	0.030800	0.000000	-1.849172	1.849172
0.030900	18.847631	1.885077	18.941666	0.030900	0.000000	-1.886470	1.886470
0.031000	18.823371	1.921967	18.921238	0.031000	0.000000	-1.923387	1.923387
0.031100	18.798178	1.958463	18.899922	0.031100	0.000000	-1.959911	1.959911
0.031200	18.772028	1.994554	18.877692	0.031200	0.000000	-1.996029	1.996029
0.031300	18.744894	2.030227	18.854519	0.031300	0.000000	-2.031730	2.031730
0.031400	18.716753	2.065470	18.830374	0.031400	0.000000	-2.066999	2.066999
0.031500	18.687576	2.100270	18.805229	0.031500	0.000000	-2.101826	2.101826
0.031600	18.657338	2.134615	18.779053	0.031600	0.000000	-2.136197	2.136197
0.031700	18.626011	2.168490	18.751816	0.031700	0.000000	-2.170098	2.170098
0.031800	18.593568	2.201883	18.723489	0.031800	0.000000	-2.203518	2.203518
0.031900	18.559981	2.234781	18.694041	0.031900	0.000000	-2.236442	2.236442
0.032000	18.525223	2.267171	18.663439	0.032000	0.000000	-2.268857	2.268857
0.032100	18.489264	2.299038	18.631652	0.032100	0.000000	-2.300749	2.300749
0.032200	18.452076	2.330368	18.598648	0.032200	0.000000	-2.332105	2.332105
0.032300	18.413630	2.361148	18.564396	0.032300	0.000000	-2.362911	2.362911
0.032400	18.373896	2.391364	18.528861	0.032400	0.000000	-2.393152	2.393152
0.032500	18.332845	2.421002	18.492010	0.032500	0.000000	-2.422814	2.422814
0.032600	18.290446	2.450046	18.453811	0.032600	0.000000	-2.451883	2.451883
0.032700	18.246669	2.478483	18.414229	0.032700	0.000000	-2.480345	2.480345
0.032800	18.201485	2.506299	18.373230	0.032800	0.000000	-2.508184	2.508184
0.032900	18.154861	2.533478	18.330780	0.032900	0.000000	-2.535387	2.535387
0.033000	18.106768	2.560005	18.286844	0.033000	0.000000	-2.561938	2.561938
0.033100	18.057173	2.585866	18.241387	0.033100	0.000000	-2.587823	2.587823
0.033200	18.006046	2.611046	18.194374	0.033200	0.000000	-2.613026	2.613026
0.033300	17.953354	2.635530	18.145770	0.033300	0.000000	-2.637533	2.637533
0.033400	17.899067	2.659302	18.095538	0.033400	0.000000	-2.661328	2.661328
0.033500	17.843153	2.682348	18.043644	0.033500	0.000000	-2.684397	2.684397
0.033600	17.785578	2.704653	17.990051	0.033600	0.000000	-2.706724	2.706724
0.033700	17.726312	2.726201	17.934723	0.033700	0.000000	-2.728294	2.728294
0.033800	17.665322	2.746977	17.877625	0.033800	0.000000	-2.749092	2.749092
0.033900	17.602576	2.766966	17.818720	0.033900	0.000000	-2.769103	2.769103
0.034000	17.538041	2.786152	17.757971	0.034000	0.000000	-2.788311	2.788311
0.034100	17.471686	2.804521	17.695342	0.034100	0.000000	-2.806701	2.806701
0.034200	17.403477	2.822057	17.630797	0.034200	0.000000	-2.824258	2.824258
0.034300	17.333383	2.838746	17.564300	0.034300	0.000000	-2.840968	2.840968
0.034400	17.261371	2.854571	17.495814	0.034400	0.000000	-2.856814	2.856814
0.034500	17.187410	2.869519	17.425303	0.034500	0.000000	-2.871782	2.871782
0.034600	17.111466	2.883574	17.352731	0.034600	0.000000	-2.885858	2.885858
0.034700	17.033508	2.896722	17.278061	0.034700	0.000000	-2.899025	2.899025
0.034800	16.953503	2.908948	17.201257	0.034800	0.000000	-2.911270	2.911270
0.034900	16.871421	2.920237	17.122285	0.034900	0.000000	-2.922579	2.922579
0.035000	16.787229	2.930575	17.041107	0.035000	0.000000	-2.932936	2.932936
0.035100	16.700896	2.939948	16.957689	0.035100	0.000000	-2.942328	2.942328
0.035200	16.612391	2.948342	16.871996	0.035200	0.000000	-2.950740	2.950740
0.035300	16.521682	2.955742	16.783992	0.035300	0.000000	-2.958159	2.958159
0.035400	16.428739	2.962136	16.693643	0.035400	0.000000	-2.964571	2.964571
0.035500	16.333531	2.967510	16.600914	0.035500	0.000000	-2.969963	2.969963
0.035600	16.236028	2.971851	16.505772	0.035600	0.000000	-2.974321	2.974321
0.035700	16.136201	2.975146	16.408183	0.035700	0.000000	-2.977634	2.977634
0.035800	16.034019	2.977383	16.308114	0.035800	0.000000	-2.979887	2.979887
0.035900	15.929454	2.978549	16.205531	0.035900	0.000000	-2.981070	2.981070
0.036000	15.822476	2.978632	16.100404	0.036000	0.000000	-2.981169	2.981169
0.036100	15.713058	2.977621	15.992699	0.036100	0.000000	-2.980174	2.980174
0.036200	15.601172	2.975504	15.882386	0.036200	0.000000	-2.978073	2.978073
0.036300	15.486790	2.972271	15.769435	0.036300	0.000000	-2.974856	2.974856
0.036400	15.369886	2.967911	15.653814	0.036400	0.000000	-2.970511	2.970511
0.036500	15.250433	2.962415	15.535495	0.036500	0.000000	-2.965030	2.965030
0.036600	15.128405	2.955772	15.414448	0.036600	0.000000	-2.958402	2.958402
0.036700	15.003777	2.947974	15.290646	0.036700	0.000000	-2.950618	2.950618
0.036800	14.876525	2.939011	15.164062	0.036800	0.000000	-2.941669	2.941669
0.036900	14.746624	2.928876	15.034668	0.036900	0.000000	-2.931548	2.931548
0.037000	14.614052	2.917561	14.902438	0.037000	0.000000	-2.920247	2.920247
0.037100	14.478785	2.905059	14.767349	0.037100	0.000000	-2.907758	2.907758
0.037200	14.340803	2.891363	14.629375	0.037200	0.000000	-2.894075	2.894075
0.037300	14.200083	2.876467	14.488492	0.037300	0.000000	-2.879192	2.879192
0.037400	14.056605	2.860366	14.344680	0.037400	0.000000	-2.863103	2.863103
0.037500	13.910350	2.843055	14.197915	0.037500	0.000000	-2.845804	2.845804
0.037600	13.761299	2.824530	14.048179	0.037600	0.000000	-2.827290	2.827290
0.037700	13.609434	2.804786	13.895450	0.037700	0.000000	-2.807558	2.807558
0.037800	13.454738	2.783822	13.739711	0.037800	0.000000	-2.786605	2.786605
0.037900	13.297195	2.761635	13.580943	0.037900	0.000000	-2.764429	2.764429
0.038000	13.136789	2.738223	13.419131	0.038000	0.000000	-2.741027	2.741027
0.038100	12.973506	2.713585	13.254260	0.038100	0.000000	-2.716400	2.716400
0.038200	12.807333	2.687721	13.086314	0.038200	0.000000	-2.690546	2.690546
0.038300	12.638257	2.660633	12.915282	0.038300	0.000000	-2.663467	2.663467
0.038400	12.466266	2.632320	12.741150	0.038400	0.000000	-2.635163	2.635163
0.038500	12.291352	2.602785	12.563909	0.038500	0.000000	-2.605637	2.605637
0.038600	12.113503	2.572030	12.383550	0.038600	0.000000	-2.574892	2.574892
0.038700	11.932712	2.540061	12.200063	0.038700	0.000000	-2.542930	2.542930
0.038800	11.748972	2.506880	12.013442	0.038800	0.000000	-2.509757	2.509757
0.038900	11.562276	2.472492	11.823682	0.038900	0.000000	-2.475378	2.475378
0.039000	11.372620	2.436905	11.630778	0.039000	0.000000	-2.439798	2.439798
0.039100	11.180000	2.400124	11.434728	0.039100	0.000000	-2.403024	2.403024
0.039200	10.984413	2.362158	11.235529	0.039200	0.000000	-2.365064	2.365064
0.039300	10.785858	2.323014	11.033183	0.039300	0.000000	-2.325927	2.325927
0.039400	10.584334	2.282702	10.827689	0.039400	0.000000	-2.285622	2.285622
0.039500	10.379842	2.241233	10.619051	0.039500	0.000000	-2.244158	2.244158
0.039600	10.172385	2.198617	10.407274	0.039600	0.000000	-2.201547	2.201547
0.039700	9.961967	2.154866	10.192361	0.039700	0.000000	-2.157802	2.157802
0.039800	9.748590	2.109993	9.974321	0.039800	0.000000	-2.112933	2.112933
0.039900	9.532263	2.064011	9.753162	0.039900	0.000000	-2.066956	2.066956
0.040000	9.312991	2.016935	9.528895	0.040000	0.000000	-2.019885	2.019885
0.040100	9.090784	1.968781	9.301530	0.040100	0.000000	-1.971734	1.971734
0.040200	8.865652	1.919564	9.071081	0.040200	0.000000	-1.922521	1.922521
0.040300	8.637604	1.869302	8.837562	0.040300	0.000000	-1.872262	1.872262
0.040400	8.406655	1.818013	8.600989	0.040400	0.000000	-1.820976	1.820976
0.040500	8.172818	1.765715	8.361381	0.040500	0.000000	-1.768681	1.768681
0.040600	7.936107	1.712429	8.118757	0.040600	0.000000	-1.715397	1.715397
0.040700	7.696540	1.658174	7.873136	0.040700	0.000000	-1.661144	1.661144
0.040800	7.454135	1.602973	7.624543	0.040800	0.000000	-1.605944	1.605944
0.040900	7.208910	1.546847	7.373000	0.040900	0.000000	-1.549820	1.549820
0.041000	6.960887	1.489820	7.118533	0.041000	0.000000	-1.492793	1.492793
0.041100	6.710086	1.431915	6.861169	0.041100	0.000000	-1.434890	1.434890
0.041200	6.456533	1.373158	6.600938	0.041200	0.000000	-1.376133	1.376133
0.041300	6.200250	1.313574	6.337869	0.041300	0.000000	-1.316549	1.316549
0.041400	5.941265	1.253189	6.071994	0.041400	0.000000	-1.256164	1.256164
0.041500	5.679604	1.192031	5.803348	0.041500	0.000000	-1.195005	1.195005
0.041600	5.415297	1.130128	5.531965	0.041600	0.000000	-1.133100	1.133100
0.041700	5.148374	1.067507	5.257882	0.041700	0.000000	-1.070479	1.070479
0.041800	4.878866	1.004200	4.981139	0.041800	0.000000	-1.007169	1.007169
0.041900	4.606806	0.940235	4.701776	0.041900	0.000000	-0.943203	0.943203
0.042000	4.332228	0.875644	4.419836	0.042000	0.000000	-0.878610	0.878610
0.042100	4.055167	0.810459	4.135363	0.042100	0.000000	-0.813422	0.813422
0.042200	3.775662	0.744712	3.848404	0.042200	0.000000	-0.747671	0.747671
0.042300	3.493749	0.678435	3.559010	0.042300	0.000000	-0.681391	0.681391
0.042400	3.209468	0.611662	3.267234	0.042400	0.000000	-0.614615	0.614615
0.042500	2.922861	0.544428	2.973132	0.042500	0.000000	-0.547377	0.547377
0.042600	2.633968	0.476767	2.676770	0.042600	0.000000	-0.479712	0.479712
0.042700	2.342834	0.408714	2.378218	0.042700	0.000000	-0.411655	0.411655
0.042800	2.049504	0.340306	2.077564	0.042800	0.000000	-0.343242	0.343242
0.042900	1.754022	0.271579	1.774922	0.042900	0.000000	-0.274509	0.274509
0.043000	1.456436	0.202570	1.470456	0.043000	0.000000	-0.205494	0.205494
0.043100	1.156795	0.133316	1.164451	0.043100	0.000000	-0.136234	0.136234
0.043200	0.855147	0.063854	0.857528	0.043200	0.000000	-0.066767	0.066767
0.043300	0.551544	-0.005776	0.551574	0.043300	0.000000	0.002870	0.002870
0.043400	0.246037	-0.075536	0.257371	0.043400	0.000000	0.072637	0.072637
0.043500	-0.061320	-0.145388	0.157790	0.043500	0.000000	0.142496	0.142496
0.043600	-0.370474	-0.215291	0.428487	0.043600	0.000000	0.212407	0.212407
0.043700	-0.681369	-0.285207	0.738652	0.043700	0.000000	0.282330	0.282330
0.043800	-0.993950	-0.355095	1.055475	0.043800	0.000000	0.352227	0.352227
0.043900	-1.308158	-0.424916	1.375438	0.043900	0.000000	0.422056	0.422056
0.044000	-1.623935	-0.494629	1.697593	0.044000	0.000000	0.491777	0.491777
0.044100	-1.941222	-0.564193	2.021548	0.044100	0.000000	0.561351	0.561351
0.044200	-2.259959	-0.633569	2.347089	0.044200	0.000000	0.630735	0.630735
0.044300	-2.580085	-0.702714	2.674069	0.044300	0.000000	0.699890	0.699890
0.044400	-2.901536	-0.771589	3.002376	0.044400	0.000000	0.768775	0.768775
0.044500	-3.224250	-0.840153	3.331913	0.044500	0.000000	0.837349	0.837349
0.044600	-3.548163	-0.908364	3.662593	0.044600	0.000000	0.905571	0.905571
0.044700	-3.873210	-0.976181	3.994332	0.044700	0.000000	0.973399	0.973399
0.044800	-4.199326	-1.043565	4.327050	0.044800	0.000000	1.040794	1.040794
0.044900	-4.526443	-1.110474	4.660669	0.044900	0.000000	1.107715	1.107715
0.045000	-4.854494	-1.176867	4.995111	0.045000	0.000000	1.174120	1.174120
0.045100	-5.183412	-1.242705	5.330298	0.045100	0.000000	1.239969	1.239969
0.045200	-5.513128	-1.307946	5.666154	0.045200	0.000000	1.305223	1.305223
0.045300	-5.843571	-1.372551	6.002601	0.045300	0.000000	1.369841	1.369841
0.045400	-6.174673	-1.436480	6.339563	0.045400	0.000000	1.433782	1.433782
0.045500	-6.506363	-1.499693	6.676963	0.045500	0.000000	1.497009	1.497009
0.045600	-6.838568	-1.562151	7.014723	0.045600	0.000000	1.559480	1.559480
0.045700	-7.171218	-1.623815	7.352765	0.045700	0.000000	1.621158	1.621158
0.045800	-7.504240	-1.684646	7.691011	0.045800	0.000000	1.682003	1.682003
0.045900	-7.837561	-1.744607	8.029385	0.045900	0.000000	1.741979	1.741979
0.046000	-8.171108	-1.803659	8.367807	0.046000	0.000000	1.801046	1.801046
0.046100	-8.504807	-1.861766	8.706199	0.046100	0.000000	1.859167	1.859167
0.046200	-8.838583	-1.918890	9.044484	0.046200	0.000000	1.916307	1.916307
0.046300	-9.172363	-1.974995	9.382582	0.046300	0.000000	1.972428	1.972428
0.046400	-9.506071	-2.030047	9.720415	0.046400	0.000000	2.027495	2.027495
0.046500	-9.839632	-2.084008	10.057904	0.046500	0.000000	2.081473	2.081473
0.046600	-10.172970	-2.136846	10.394971	0.046600	0.000000	2.134326	2.134326
0.046700	-10.506010	-2.188525	10.731538	0.046700	0.000000	2.186023	2.186023
0.046800	-10.838677	-2.239014	11.067524	0.046800	0.000000	2.236528	2.236528
0.046900	-11.170893	-2.288278	11.402853	0.046900	0.000000	2.285810	2.285810
0.047000	-11.502582	-2.336288	11.737446	0.047000	0.000000	2.333837	2.333837
0.047100	-11.833668	-2.383010	12.071224	0.047100	0.000000	2.380578	2.380578
0.047200	-12.164075	-2.428416	12.404109	0.047200	0.000000	2.426001	2.426001
0.047300	-12.493725	-2.472476	12.736024	0.047300	0.000000	2.470079	2.470079
0.047400	-12.822543	-2.515160	13.066891	0.047400	0.000000	2.512782	2.512782
0.047500	-13.150451	-2.556441	13.396632	0.047500	0.000000	2.554082	2.554082
0.047600	-13.477373	-2.596292	13.725171	0.047600	0.000000	2.593952	2.593952
0.047700	-13.803233	-2.634686	14.052431	0.047700	0.000000	2.632366	2.632366
0.047800	-14.127954	-2.671599	14.378335	0.047800	0.000000	2.669298	2.669298
0.047900	-14.451459	-2.707006	14.702807	0.047900	0.000000	2.704725	2.704725
0.048000	-14.773672	-2.740884	15.025773	0.048000	0.000000	2.738623	2.738623
0.048100	-15.094518	-2.773209	15.347155	0.048100	0.000000	2.770969	2.770969
0.048200	-15.413921	-2.803962	15.666881	0.048200	0.000000	2.801741	2.801741
0.048300	-15.731804	-2.833120	15.984875	0.048300	0.000000	2.830920	2.830920
0.048400	-16.048093	-2.860664	16.301064	0.048400	0.000000	2.858486	2.858486
0.048500	-16.362713	-2.886576	16.615375	0.048500	0.000000	2.884419	2.884419
0.048600	-16.675588	-2.910839	16.927735	0.048600	0.000000	2.908703	2.908703
0.048700	-16.986645	-2.933435	17.238073	0.048700	0.000000	2.931321	2.931321
0.048800	-17.295809	-2.954349	17.546315	0.048800	0.000000	2.952258	2.952258
0.048900	-17.603006	-2.973567	17.852393	0.048900	0.000000	2.971498	2.971498
0.049000	-17.908164	-2.991076	18.156235	0.049000	0.000000	2.989030	2.989030
0.049100	-18.211210	-3.006863	18.457773	0.049100	0.000000	3.004839	3.004839
0.049200	-18.512070	-3.020917	18.756937	0.049200	0.000000	3.018916	3.018916
0.049300	-18.810674	-3.033228	19.053659	0.049300	0.000000	3.031250	3.031250
0.049400	-19.106950	-3.043787	19.347872	0.049400	0.000000	3.041832	3.041832
0.049500	-19.400827	-3.052585	19.639510	0.049500	0.000000	3.050654	3.050654
0.049600	-19.692234	-3.059617	19.928506	0.049600	0.000000	3.057710	3.057710
0.049700	-19.981103	-3.064876	20.214795	0.049700	0.000000	3.062993	3.062993
0.049800	-20.267364	-3.068358	20.498313	0.049800	0.000000	3.066499	3.066499
0.049900	-20.550948	-3.070059	20.778997	0.049900	0.000000	3.068225	3.068225
0.050000	-20.831787	-3.069977	21.056783	0.050000	0.000000	3.068168	3.068168
0.050100	-21.109815	-3.068111	21.331611	0.050100	0.000000	3.066326	3.066326
0.050200	-21.384965	-3.064461	21.603418	0.050200	0.000000	3.062701	3.062701
0.050300	-21.657172	-3.059027	21.872145	0.050300	0.000000	3.057292	3.057292
0.050400	-21.926369	-3.051811	22.137732	0.050400	0.000000	3.050102	3.050102
0.050500	-22.192492	-3.042818	22.400122	0.050500	0.000000	3.041134	3.041134
0.050600	-22.455479	-3.032051	22.659256	0.050600	0.000000	3.030393	3.030393
0.050700	-22.715266	-3.019515	22.915077	0.050700	0.000000	3.017883	3.017883
0.050800	-22.971791	-3.005217	23.167531	0.050800	0.000000	3.003611	3.003611
0.050900	-23.224993	-2.989164	23.416562	0.050900	0.000000	2.987585	2.987585
0.051000	-23.474811	-2.971366	23.662117	0.051000	0.000000	2.969813	2.969813
0.051100	-23.721186	-2.951832	23.904142	0.051100	0.000000	2.950306	2.950306
0.051200	-23.964059	-2.930573	24.142585	0.051200	0.000000	2.929074	2.929074
0.051300	-24.203373	-2.907601	24.377395	0.051300	0.000000	2.906128	2.906128
0.051400	-24.439069	-2.882928	24.608523	0.051400	0.000000	2.881483	2.881483
0.051500	-24.671093	-2.856569	24.835918	0.051500	0.000000	2.855151	2.855151
0.051600	-24.899389	-2.828539	25.059533	0.051600	0.000000	2.827148	2.827148
0.051700	-25.123903	-2.798853	25.279321	0.051700	0.000000	2.797490	2.797490
0.051800	-25.344580	-2.767529	25.495234	0.051800	0.000000	2.766193	2.766193
0.051900	-25.561370	-2.734584	25.707229	0.051900	0.000000	2.733277	2.733277
0.052000	-25.774221	-2.700039	25.915259	0.052000	0.000000	2.698760	2.698760
0.052100	-25.983081	-2.663912	26.119283	0.052100	0.000000	2.662661	2.662661
0.052200	-26.187902	-2.626225	26.319257	0.052200	0.000000	2.625002	2.625002
0.052300	-26.388635	-2.587000	26.515140	0.052300	0.000000	2.585805	2.585805
0.052400	-26.585233	-2.546259	26.706892	0.052400	0.000000	2.545093	2.545093
0.052500	-26.777649	-2.504026	26.894473	0.052500	0.000000	2.502889	2.502889
0.052600	-26.965838	-2.460326	27.077844	0.052600	0.000000	2.459218	2.459218
0.052700	-27.149755	-2.415185	27.256969	0.052700	0.000000	2.414105	2.414105
0.052800	-27.329358	-2.368628	27.431810	0.052800	0.000000	2.367578	2.367578
0.052900	-27.504602	-2.320683	27.602332	0.052900	0.000000	2.319662	2.319662
0.053000	-27.675448	-2.271378	27.768500	0.053000	0.000000	2.270386	2.270386
0.053100	-27.841856	-2.220742	27.930282	0.053100	0.000000	2.219780	2.219780
0.053200	-28.003785	-2.168804	28.087643	0.053200	0.000000	2.167872	2.167872
0.053300	-28.161198	-2.115596	28.240553	0.053300	0.000000	2.114693	2.114693
0.053400	-28.314059	-2.061147	28.388981	0.053400	0.000000	2.060274	2.060274
0.053500	-28.462330	-2.005491	28.532898	0.053500	0.000000	2.004647	2.004647
0.053600	-28.605978	-1.948659	28.672273	0.053600	0.000000	1.947846	1.947846
0.053700	-28.744969	-1.890686	28.807081	0.053700	0.000000	1.889902	1.889902
0.053800	-28.879270	-1.831604	28.937294	0.053800	0.000000	1.830850	1.830850
0.053900	-29.008850	-1.771449	29.062887	0.053900	0.000000	1.770725	1.770725
0.054000	-29.133678	-1.710256	29.183834	0.054000	0.000000	1.709563	1.709563
0.054100	-29.253725	-1.648060	29.300112	0.054100	0.000000	1.647398	1.647398
0.054200	-29.368964	-1.584899	29.411698	0.054200	0.000000	1.584267	1.584267
0.054300	-29.479367	-1.520810	29.518570	0.054300	0.000000	1.520208	1.520208
0.054400	-29.584909	-1.455829	29.620707	0.054400	0.000000	1.455258	1.455258
0.054500	-29.685565	-1.389995	29.718090	0.054500	0.000000	1.389455	1.389455
0.054600	-29.781312	-1.323347	29.810699	0.054600	0.000000	1.322837	1.322837
0.054700	-29.872126	-1.255924	29.898516	0.054700	0.000000	1.255445	1.255445
0.054800	-29.957988	-1.187765	29.981525	0.054800	0.000000	1.187316	1.187316
0.054900	-30.038877	-1.118910	30.059709	0.054900	0.000000	1.118492	1.118492
0.055000	-30.114775	-1.049400	30.133053	0.055000	0.000000	1.049013	1.049013
0.055100	-30.185663	-0.979275	30.201544	0.055100	0.000000	0.978919	0.978919
0.055200	-30.251526	-0.908576	30.265167	0.055200	0.000000	0.908251	0.908251
0.055300	-30.312347	-0.837345	30.323910	0.055300	0.000000	0.837051	0.837051
0.055400	-30.368113	-0.765624	30.377763	0.055400	0.000000	0.765361	0.765361
0.055500	-30.418811	-0.693454	30.426715	0.055500	0.000000	0.693222	0.693222
0.055600	-30.464430	-0.620879	30.470756	0.055600	0.000000	0.620678	0.620678
0.055700	-30.504958	-0.547939	30.509878	0.055700	0.000000	0.547769	0.547769
0.055800	-30.540386	-0.474679	30.544074	0.055800	0.000000	0.474540	0.474540
0.055900	-30.570706	-0.401140	30.573337	0.055900	0.000000	0.401033	0.401033
0.056000	-30.595911	-0.327367	30.597662	0.056000	0.000000	0.327291	0.327291
0.056100	-30.615994	-0.253402	30.617043	0.056100	0.000000	0.253357	0.253357
0.056200	-30.630953	-0.179289	30.631478	0.056200	0.000000	0.179275	0.179275
0.056300	-30.640782	-0.105070	30.640962	0.056300	0.000000	0.105087	0.105087
0.056400	-30.645480	-0.030790	30.645496	0.056400	0.000000	0.030839	0.030839
0.056500	-30.645046	0.043508	30.645077	0.056500	0.000000	-0.043428	0.043428
0.056600	-30.639479	0.117780	30.639705	0.056600	0.000000	-0.117670	0.117670
0.056700	-30.628781	0.191984	30.629383	0.056700	0.000000	-0.191842	0.191842
0.056800	-30.612955	0.266075	30.614111	0.056800	0.000000	-0.265902	0.265902
0.056900	-30.592004	0.340011	30.593893	0.056900	0.000000	-0.339807	0.339807
0.057000	-30.565933	0.413747	30.568733	0.057000	0.000000	-0.413512	0.413512
0.057100	-30.534747	0.487241	30.538635	0.057100	0.000000	-0.486975	0.486975
0.057200	-30.498455	0.560450	30.503604	0.057200	0.000000	-0.560153	0.560153
0.057300	-30.457065	0.633331	30.463649	0.057300	0.000000	-0.633003	0.633003
0.057400	-30.410586	0.705840	30.418776	0.057400	0.000000	-0.705482	0.705482
0.057500	-30.359029	0.777937	30.368995	0.057500	0.000000	-0.777547	0.777547
0.057600	-30.302406	0.849578	30.314313	0.057600	0.000000	-0.849157	0.849157
0.057700	-30.240730	0.920721	30.254743	0.057700	0.000000	-0.920270	0.920270
0.057800	-30.174016	0.991325	30.190296	0.057800	0.000000	-0.990843	0.990843
0.057900	-30.102279	1.061349	30.120983	0.057900	0.000000	-1.060836	1.060836
0.058000	-30.025535	1.130751	30.046819	0.058000	0.000000	-1.130207	1.130207
0.058100	-29.943803	1.199490	29.967818	0.058100	0.000000	-1.198916	1.198916
0.058200	-29.857101	1.267527	29.883994	0.058200	0.000000	-1.266922	1.266922
0.058300	-29.765450	1.334821	29.795365	0.058300	0.000000	-1.334186	1.334186
0.058400	-29.668871	1.401334	29.701946	0.058400	0.000000	-1.400668	1.400668
0.058500	-29.567386	1.467025	29.603758	0.058500	0.000000	-1.466330	1.466330
0.058600	-29.461019	1.531857	29.500818	0.058600	0.000000	-1.531131	1.531131
0.058700	-29.349796	1.595792	29.393147	0.058700	0.000000	-1.595036	1.595036
0.058800	-29.233741	1.658792	29.280765	0.058800	0.000000	-1.658005	1.658005
0.058900	-29.112882	1.720819	29.163696	0.058900	0.000000	-1.720003	1.720003
0.059000	-28.987248	1.781839	29.041961	0.059000	0.000000	-1.780992	1.780992
0.059100	-28.856867	1.841814	28.915585	0.059100	0.000000	-1.840938	1.840938
0.059200	-28.721770	1.900710	28.784592	0.059200	0.000000	-1.899804	1.899804
0.059300	-28.581988	1.958492	28.649010	0.059300	0.000000	-1.957557	1.957557
0.059400	-28.437555	2.015126	28.508863	0.059400	0.000000	-2.014161	2.014161
0.059500	-28.288505	2.070580	28.364182	0.059500	0.000000	-2.069586	2.069586
0.059600	-28.134871	2.124820	28.214993	0.059600	0.000000	-2.123796	2.123796
0.059700	-27.976691	2.177815	28.061328	0.059700	0.000000	-2.176762	2.176762
0.059800	-27.814001	2.229533	27.903216	0.059800	0.000000	-2.228451	2.228451
0.059900	-27.646839	2.279945	27.740690	0.059900	0.000000	-2.278835	2.278835
0.060000	-27.475246	2.329021	27.573782	0.060000	0.000000	-2.327882	2.327882
0.060100	-27.299261	2.376732	27.402527	0.060100	0.000000	-2.375564	2.375564
0.060200	-27.118925	2.423051	27.226959	0.060200	0.000000	-2.421854	2.421854
0.060300	-26.934282	2.467949	27.047113	0.060300	0.000000	-2.466724	2.466724
0.060400	-26.745375	2.511402	26.863027	0.060400	0.000000	-2.510148	2.510148
0.060500	-26.552247	2.553383	26.674737	0.060500	0.000000	-2.552101	2.552101
0.060600	-26.354946	2.593868	26.482284	0.060600	0.000000	-2.592558	2.592558
0.060700	-26.153518	2.632833	26.285705	0.060700	0.000000	-2.631495	2.631495
0.060800	-25.948010	2.670257	26.085043	0.060800	0.000000	-2.668891	2.668891
0.060900	-25.738470	2.706116	25.880339	0.060900	0.000000	-2.704723	2.704723
0.061000	-25.524950	2.740391	25.671634	0.061000	0.000000	-2.738971	2.738971
0.061100	-25.307498	2.773061	25.458974	0.061100	0.000000	-2.771614	2.771614
0.061200	-25.086167	2.804108	25.242401	0.061200	0.000000	-2.802633	2.802633
0.061300	-24.861010	2.833514	25.021963	0.061300	0.000000	-2.832012	2.832012
0.061400	-24.632080	2.861262	24.797705	0.061400	0.000000	-2.859733	2.859733
0.061500	-24.399430	2.887335	24.569674	0.061500	0.000000	-2.885780	2.885780
0.061600	-24.163118	2.911720	24.337920	0.061600	0.000000	-2.910138	2.910138
0.061700	-23.923198	2.934402	24.102492	0.061700	0.000000	-2.932794	2.932794
0.061800	-23.679728	2.955369	23.863439	0.061800	0.000000	-2.953735	2.953735
0.061900	-23.432766	2.974609	23.620813	0.061900	0.000000	-2.972949	2.972949
0.062000	-23.182371	2.992111	23.374667	0.062000	0.000000	-2.990425	2.990425
0.062100	-22.928602	3.007866	23.125053	0.062100	0.000000	-3.006154	3.006154
0.062200	-22.671521	3.021865	22.872025	0.062200	0.000000	-3.020128	3.020128
0.062300	-22.411188	3.034100	22.615639	0.062300	0.000000	-3.032338	3.032338
0.062400	-22.147667	3.044567	22.355950	0.062400	0.000000	-3.042780	3.042780
0.062500	-21.881018	3.053258	22.093016	0.062500	0.000000	-3.051446	3.051446
0.062600	-21.611308	3.060171	21.826893	0.062600	0.000000	-3.058334	3.058334
0.062700	-21.338599	3.065302	21.557641	0.062700	0.000000	-3.063441	3.063441
0.062800	-21.062957	3.068649	21.285318	0.062800	0.000000	-3.066764	3.066764
0.062900	-20.784449	3.070212	21.009986	0.062900	0.000000	-3.068303	3.068303
0.063000	-20.503140	3.069991	20.731705	0.063000	0.000000	-3.068058	3.068058
0.063100	-20.219098	3.067986	20.450537	0.063100	0.000000	-3.066030	3.066030
0.063200	-19.932392	3.064202	20.166546	0.063200	0.000000	-3.062222	3.062222
0.063300	-19.643089	3.058641	19.879794	0.063300	0.000000	-3.056638	3.056638
0.063400	-19.351259	3.051309	19.590347	0.063400	0.000000	-3.049283	3.049283
0.063500	-19.056971	3.042210	19.298269	0.063500	0.000000	-3.040162	3.040162
0.063600	-18.760297	3.031353	19.003627	0.063600	0.000000	-3.029282	3.029282
0.063700	-18.461306	3.018745	18.706487	0.063700	0.000000	-3.016652	3.016652
0.063800	-18.160071	3.004396	18.406916	0.063800	0.000000	-3.002281	3.002281
0.063900	-17.856663	2.988315	18.104984	0.063900	0.000000	-2.986178	2.986178
0.064000	-17.551155	2.970515	17.800759	0.064000	0.000000	-2.968356	2.968356
0.064100	-17.243620	2.951007	17.494310	0.064100	0.000000	-2.948827	2.948827
0.064200	-16.934131	2.929806	17.185708	0.064200	0.000000	-2.927605	2.927605
0.064300	-16.622762	2.906925	16.875024	0.064300	0.000000	-2.904703	2.904703
0.064400	-16.309586	2.882381	16.562329	0.064400	0.000000	-2.880138	2.880138
0.064500	-15.994679	2.856190	16.247695	0.064500	0.000000	-2.853927	2.853927
0.064600	-15.678116	2.828370	15.931195	0.064600	0.000000	-2.826087	2.826087
0.064700	-15.359970	2.798939	15.612903	0.064700	0.000000	-2.796636	2.796636
0.064800	-15.040318	2.767918	15.292892	0.064800	0.000000	-2.765595	2.765595
0.064900	-14.719236	2.735326	14.971236	0.064900	0.000000	-2.732985	2.732985
0.065000	-14.396799	2.701187	14.648011	0.065000	0.000000	-2.698826	2.698826
0.065100	-14.073083	2.665522	14.323291	0.065100	0.000000	-2.663142	2.663142
0.065200	-13.748165	2.628355	13.997153	0.065200	0.000000	-2.625957	2.625957
0.065300	-13.422120	2.589711	13.669671	0.065300	0.000000	-2.587294	2.587294
0.065400	-13.095026	2.549614	13.340924	0.065400	0.000000	-2.547180	2.547180
0.065500	-12.766959	2.508093	13.010987	0.065500	0.000000	-2.505640	2.505640
0.065600	-12.437996	2.465172	12.679937	0.065600	0.000000	-2.462702	2.462702
0.065700	-12.108212	2.420882	12.347853	0.065700	0.000000	-2.418395	2.418395
0.065800	-11.777686	2.375249	12.014811	0.065800	0.000000	-2.372745	2.372745
0.065900	-11.446493	2.328305	11.680890	0.065900	0.000000	-2.325785	2.325785
0.066000	-11.114709	2.280080	11.346168	0.066000	0.000000	-2.277543	2.277543
0.066100	-10.782413	2.230604	11.010723	0.066100	0.000000	-2.228051	2.228051
0.066200	-10.449678	2.179911	10.674633	0.066200	0.000000	-2.177342	2.177342
0.066300	-10.116583	2.128031	10.337977	0.066300	0.000000	-2.125447	2.125447
0.066400	-9.783202	2.075000	10.000833	0.066400	0.000000	-2.072400	2.072400
0.066500	-9.449611	2.020850	9.663280	0.066500	0.000000	-2.018235	2.018235
0.066600	-9.115886	1.965616	9.325397	0.066600	0.000000	-1.962987	1.962987
0.066700	-8.782103	1.909334	8.987262	0.066700	0.000000	-1.906691	1.906691
0.066800	-8.448335	1.852040	8.648954	0.066800	0.000000	-1.849382	1.849382
0.066900	-8.114657	1.793769	8.310552	0.066900	0.000000	-1.791097	1.791097
0.067000	-7.781144	1.734559	7.972133	0.067000	0.000000	-1.731874	1.731874
0.067100	-7.447869	1.674447	7.633776	0.067100	0.000000	-1.671748	1.671748
0.067200	-7.114906	1.613471	7.295559	0.067200	0.000000	-1.610759	1.610759
0.067300	-6.782327	1.551668	6.957559	0.067300	0.000000	-1.548944	1.548944
0.067400	-6.450204	1.489078	6.619856	0.067400	0.000000	-1.486342	1.486342
0.067500	-6.118610	1.425740	6.282525	0.067500	0.000000	-1.422991	1.422991
0.067600	-5.787615	1.361693	5.945645	0.067600	0.000000	-1.358932	1.358932
0.067700	-5.457290	1.296976	5.609293	0.067700	0.000000	-1.294204	1.294204
0.067800	-5.127706	1.231630	5.273545	0.067800	0.000000	-1.228847	1.228847
0.067900	-4.798930	1.165694	4.938479	0.067900	0.000000	-1.162900	1.162900
0.068000	-4.471033	1.099209	4.604172	0.068000	0.000000	-1.096405	1.096405
0.068100	-4.144081	1.032216	4.270700	0.068100	0.000000	-1.029401	1.029401
0.068200	-3.818143	0.964754	3.938142	0.068200	0.000000	-0.961930	0.961930
0.068300	-3.493284	0.896866	3.606577	0.068300	0.000000	-0.894031	0.894031
0.068400	-3.169570	0.828591	3.276086	0.068400	0.000000	-0.825747	0.825747
0.068500	-2.847066	0.759971	2.946750	0.068500	0.000000	-0.757118	0.757118
0.068600	-2.525835	0.691046	2.618661	0.068600	0.000000	-0.688184	0.688184
0.068700	-2.205941	0.621857	2.291917	0.068700	0.000000	-0.618987	0.618987
0.068800	-1.887446	0.552446	1.966634	0.068800	0.000000	-0.549568	0.549568
