0.000000	0.000000	0.000000	-2051.113719
0.000100	0.010472	0.000100	-0.734564
0.000200	0.020943	0.000200	-1.123374
0.000300	0.031415	0.000300	-1.511627
0.000400	0.041887	0.000400	-1.899061
0.000500	0.052358	0.000500	-2.285418
0.000600	0.062830	0.000600	-2.670440
0.000700	0.073302	0.000700	-3.053869
0.000800	0.083773	0.000800	-3.435450
0.000900	0.094245	0.000900	-3.814928
0.001000	0.104717	0.001000	-4.192049
0.001100	0.115188	0.001100	-4.566563
0.001200	0.125660	0.001200	-4.938219
0.001300	0.136132	0.001300	-5.306772
0.001400	0.146603	0.001400	-5.671975
0.001500	0.157075	0.001500	-6.033586
0.001600	0.167547	0.001600	-6.391367
0.001700	0.178018	0.001700	-6.745080
0.001800	0.188490	0.001800	-7.094491
0.001900	0.198962	0.001900	-7.439371
0.002000	0.209433	0.002000	-7.779493
0.002100	0.219905	0.002100	-8.114632
0.002200	0.230377	0.002200	-8.444570
0.002300	0.240848	0.002300	-8.769091
0.002400	0.251320	0.002400	-9.087984
0.002500	0.261792	0.002500	-9.401041
0.002600	0.272263	0.002600	-9.708059
0.002700	0.282735	0.002700	-10.008841
0.002800	0.293207	0.002800	-10.303193
0.002900	0.303678	0.002900	-10.590926
0.003000	0.314150	0.003000	-10.871857
0.003100	0.324622	0.003100	-11.145807
0.003200	0.335093	0.003200	-11.412603
0.003300	0.345565	0.003300	-11.672077
0.003400	0.356037	0.003400	-11.924068
0.003500	0.366508	0.003500	-12.168418
0.003600	0.376980	0.003600	-12.404977
0.003700	0.387452	0.003700	-12.633600
0.003800	0.397923	0.003800	-12.854148
0.003900	0.408395	0.003900	-13.066488
0.004000	0.418867	0.004000	-13.270494
0.004100	0.429338	0.004100	-13.466044
0.004200	0.439810	0.004200	-13.653026
0.004300	0.450282	0.004300	-13.831332
0.004400	0.460753	0.004400	-14.000860
0.004500	0.471225	0.004500	-14.161516
0.004600	0.481697	0.004600	-14.313213
0.004700	0.492168	0.004700	-14.455868
0.004800	0.502640	0.004800	-14.589408
0.004900	0.513112	0.004900	-14.713765
0.005000	0.523583	0.005000	-14.828878
0.005100	0.534055	0.005100	-14.934693
0.005200	0.544527	0.005200	-15.031164
0.005300	0.554998	0.005300	-15.118249
0.005400	0.565470	0.005400	-15.195917
0.005500	0.575942	0.005500	-15.264140
0.005600	0.586413	0.005600	-15.322900
0.005700	0.596885	0.005700	-15.372184
0.005800	0.607357	0.005800	-15.411987
0.005900	0.617828	0.005900	-15.442310
0.006000	0.628300	0.006000	-15.463161
0.006100	0.638772	0.006100	-15.474557
0.006200	0.649243	0.006200	-15.476518
0.006300	0.659715	0.006300	-15.469074
0.006400	0.670187	0.006400	-15.452261
0.006500	0.680658	0.006500	-15.426122
0.006600	0.691130	0.006600	-15.390704
0.006700	0.701602	0.006700	-15.346064
0.006800	0.712073	0.006800	-15.292264
0.006900	0.722545	0.006900	-15.229372
0.007000	0.733017	0.007000	-15.157464
0.007100	0.743488	0.007100	-15.076620
0.007200	0.753960	0.007200	-14.986929
0.007300	0.764432	0.007300	-14.888483
0.007400	0.774903	0.007400	-14.781383
0.007500	0.785375	0.007500	-14.665733
0.007600	0.795847	0.007600	-14.541645
0.007700	0.806318	0.007700	-14.409236
0.007800	0.816790	0.007800	-14.268627
0.007900	0.827262	0.007900	-14.119947
0.008000	0.837733	0.008000	-13.963329
0.008100	0.848205	0.008100	-13.798911
0.008200	0.858677	0.008200	-13.626836
0.008300	0.869148	0.008300	-13.447253
0.008400	0.879620	0.008400	-13.260313
0.008500	0.890092	0.008500	-13.066174
0.008600	0.900563	0.008600	-12.864998
0.008700	0.911035	0.008700	-12.656950
0.008800	0.921507	0.008800	-12.442201
0.008900	0.931978	0.008900	-12.220925
0.009000	0.942450	0.009000	-11.993299
0.009100	0.952922	0.009100	-11.759503
0.009200	0.963393	0.009200	-11.519724
0.009300	0.973865	0.009300	-11.274147
0.009400	0.984337	0.009400	-11.022965
0.009500	0.994808	0.009500	-10.766370
0.009600	1.005280	0.009600	-10.504559
0.009700	1.015752	0.009700	-10.237731
0.009800	1.026223	0.009800	-9.966086
0.009900	1.036695	0.009900	-9.689827
0.010000	1.047167	0.010000	-9.409160
0.010100	1.057638	0.010100	-9.124291
0.010200	1.068110	0.010200	-8.835428
0.010300	1.078582	0.010300	-8.542780
0.010400	1.089053	0.010400	-8.246558
0.010500	1.099525	0.010500	-7.946974
0.010600	1.109997	0.010600	-7.644240
0.010700	1.120468	0.010700	-7.338569
0.010800	1.130940	0.010800	-7.030173
0.010900	1.141412	0.010900	-6.719267
0.011000	1.151883	0.011000	-6.406063
0.011100	1.162355	0.011100	-6.090775
0.011200	1.172827	0.011200	-5.773615
0.011300	1.183298	0.011300	-5.454796
0.011400	1.193770	0.011400	-5.134529
0.011500	1.204242	0.011500	-4.813024
0.011600	1.214713	0.011600	-4.490491
0.011700	1.225185	0.011700	-4.167138
0.011800	1.235657	0.011800	-3.843171
0.011900	1.246128	0.011900	-3.518796
0.012000	1.256600	0.012000	-3.194215
0.012100	1.267072	0.012100	-2.869631
0.012200	1.277543	0.012200	-2.545242
0.012300	1.288015	0.012300	-2.221244
0.012400	1.298487	0.012400	-1.897834
0.012500	1.308958	0.012500	-1.575202
0.012600	1.319430	0.012600	-1.253538
0.012700	1.329902	0.012700	-0.933028
0.012800	1.340373	0.012800	-0.613855
0.012900	1.350845	0.012900	-0.296201
0.013000	1.361317	0.013000	0.019758
0.013100	1.371788	0.013100	0.333848
0.013200	1.382260	0.013200	0.645898
0.013300	1.392732	0.013300	0.955743
0.013400	1.403203	0.013400	1.263217
0.013500	1.413675	0.013500	1.568163
0.013600	1.424147	0.013600	1.870425
0.013700	1.434618	0.013700	2.169850
0.013800	1.445090	0.013800	2.466292
0.013900	1.455562	0.013900	2.759606
0.014000	1.466033	0.014000	3.049654
0.014100	1.476505	0.014100	3.336300
0.014200	1.486977	0.014200	3.619413
0.014300	1.497448	0.014300	3.898866
0.014400	1.507920	0.014400	4.174538
0.014500	1.518392	0.014500	4.446311
0.014600	1.528863	0.014600	4.714072
0.014700	1.539335	0.014700	4.977710
0.014800	1.549807	0.014800	5.237124
0.014900	1.560278	0.014900	5.492211
0.015000	1.570750	0.015000	5.742878
0.015100	1.581222	0.015100	5.989034
0.015200	1.591693	0.015200	6.230592
0.015300	1.602165	0.015300	6.467471
0.015400	1.612637	0.015400	6.699594
0.015500	1.623108	0.015500	6.926889
0.015600	1.633580	0.015600	7.149287
0.015700	1.644052	0.015700	7.366725
0.015800	1.654523	0.015800	7.579145
0.015900	1.664995	0.015900	7.786491
0.016000	1.675467	0.016000	7.988714
0.016100	1.685938	0.016100	8.185768
0.016200	1.696410	0.016200	8.377612
0.016300	1.706882	0.016300	8.564208
0.016400	1.717353	0.016400	8.745523
0.016500	1.727825	0.016500	8.921530
0.016600	1.738297	0.016600	9.092202
0.016700	1.748768	0.016700	9.257520
0.016800	1.759240	0.016800	9.417468
0.016900	1.769712	0.016900	9.572032
0.017000	1.780183	0.017000	9.721203
0.017100	1.790655	0.017100	9.864978
0.017200	1.801127	0.017200	10.003354
0.017300	1.811598	0.017300	10.136333
0.017400	1.822070	0.017400	10.263922
0.017500	1.832542	0.017500	10.386129
0.017600	1.843013	0.017600	10.502968
0.017700	1.853485	0.017700	10.614454
0.017800	1.863957	0.017800	10.720606
0.017900	1.874428	0.017900	10.821447
0.018000	1.884900	0.018000	10.917001
0.018100	1.895372	0.018100	11.007297
0.018200	1.905843	0.018200	11.092365
0.018300	1.916315	0.018300	11.172239
0.018400	1.926787	0.018400	11.246955
0.018500	1.937258	0.018500	11.316551
0.018600	1.947730	0.018600	11.381070
0.018700	1.958202	0.018700	11.440553
0.018800	1.968673	0.018800	11.495048
0.018900	1.979145	0.018900	11.544601
0.019000	1.989617	0.019000	11.589262
0.019100	2.000088	0.019100	11.629083
0.019200	2.010560	0.019200	11.664117
0.019300	2.021032	0.019300	11.694420
0.019400	2.031503	0.019400	11.720048
0.019500	2.041975	0.019500	11.741060
0.019600	2.052447	0.019600	11.757515
0.019700	2.062918	0.019700	11.769475
0.019800	2.073390	0.019800	11.777002
0.019900	2.083862	0.019900	11.780160
0.020000	2.094333	0.020000	11.779013
0.020100	2.104805	0.020100	11.773627
0.020200	2.115277	0.020200	11.764068
0.020300	2.125748	0.020300	11.750404
0.020400	2.136220	0.020400	11.732702
0.020500	2.146692	0.020500	11.711032
0.020600	2.157163	0.020600	11.685462
0.020700	2.167635	0.020700	11.656062
0.020800	2.178107	0.020800	11.622902
0.020900	2.188578	0.020900	11.586053
0.021000	2.199050	0.021000	11.545585
0.021100	2.209522	0.021100	11.501569
0.021200	2.219993	0.021200	11.454076
0.021300	2.230465	0.021300	11.403176
0.021400	2.240937	0.021400	11.348942
0.021500	2.251408	0.021500	11.291443
0.021600	2.261880	0.021600	11.230750
0.021700	2.272352	0.021700	11.166934
0.021800	2.282823	0.021800	11.100065
0.021900	2.293295	0.021900	11.030212
0.022000	2.303767	0.022000	10.957446
0.022100	2.314238	0.022100	10.881835
0.022200	2.324710	0.022200	10.803448
0.022300	2.335182	0.022300	10.722353
0.022400	2.345653	0.022400	10.638618
0.022500	2.356125	0.022500	10.552308
0.022600	2.366597	0.022600	10.463491
0.022700	2.377068	0.022700	10.372232
0.022800	2.387540	0.022800	10.278595
0.022900	2.398012	0.022900	10.182646
0.023000	2.408483	0.023000	10.084446
0.023100	2.418955	0.023100	9.984058
0.023200	2.429427	0.023200	9.881545
0.023300	2.439898	0.023300	9.776966
0.023400	2.450370	0.023400	9.670382
0.023500	2.460842	0.023500	9.561851
0.023600	2.471313	0.023600	9.451431
0.023700	2.481785	0.023700	9.339179
0.023800	2.492257	0.023800	9.225151
0.023900	2.502728	0.023900	9.109402
0.024000	2.513200	0.024000	8.991986
0.024100	2.523672	0.024100	8.872956
0.024200	2.534143	0.024200	8.752364
0.024300	2.544615	0.024300	8.630260
0.024400	2.555087	0.024400	8.506696
0.024500	2.565558	0.024500	8.381718
0.024600	2.576030	0.024600	8.255376
0.024700	2.586502	0.024700	8.127715
0.024800	2.596973	0.024800	7.998782
0.024900	2.607445	0.024900	7.868620
0.025000	2.617917	0.025000	7.737274
0.025100	2.628388	0.025100	7.604786
0.025200	2.638860	0.025200	7.471197
0.025300	2.649332	0.025300	7.336548
0.025400	2.659803	0.025400	7.200878
0.025500	2.670275	0.025500	7.064225
0.025600	2.680747	0.025600	6.926627
0.025700	2.691218	0.025700	6.788120
0.025800	2.701690	0.025800	6.648738
0.025900	2.712162	0.025900	6.508517
0.026000	2.722633	0.026000	6.367490
0.026100	2.733105	0.026100	6.225689
0.026200	2.743577	0.026200	6.083146
0.026300	2.754048	0.026300	5.939890
0.026400	2.764520	0.026400	5.795952
0.026500	2.774992	0.026500	5.651360
0.026600	2.785463	0.026600	5.506142
0.026700	2.795935	0.026700	5.360325
0.026800	2.806407	0.026800	5.213935
0.026900	2.816878	0.026900	5.066997
0.027000	2.827350	0.027000	4.919536
0.027100	2.837822	0.027100	4.771575
0.027200	2.848293	0.027200	4.623137
0.027300	2.858765	0.027300	4.474244
0.027400	2.869237	0.027400	4.324919
0.027500	2.879708	0.027500	4.175180
0.027600	2.890180	0.027600	4.025050
0.027700	2.900652	0.027700	3.874546
0.027800	2.911123	0.027800	3.723687
0.027900	2.921595	0.027900	3.572493
0.028000	2.932067	0.028000	3.420980
0.028100	2.942538	0.028100	3.269165
0.028200	2.953010	0.028200	3.117066
0.028300	2.963482	0.028300	2.964697
0.028400	2.973953	0.028400	2.812075
0.028500	2.984425	0.028500	2.659214
0.028600	2.994897	0.028600	2.506129
0.028700	3.005368	0.028700	2.352835
0.028800	3.015840	0.028800	2.199345
0.028900	3.026312	0.028900	2.045672
0.029000	3.036783	0.029000	1.891830
0.029100	3.047255	0.029100	1.737832
0.029200	3.057727	0.029200	1.583690
0.029300	3.068198	0.029300	1.429417
0.029400	3.078670	0.029400	1.275025
0.029500	3.089142	0.029500	1.120525
0.029600	3.099613	0.029600	0.965930
0.029700	3.110085	0.029700	0.811251
0.029800	3.120557	0.029800	0.656499
0.029900	3.131028	0.029900	0.501687
0.030000	3.141500	0.030000	0.346826
0.030100	3.151972	0.030100	0.191926
0.030200	3.162443	0.030200	0.037000
0.030300	3.172915	0.030300	-0.117941
0.030400	3.183387	0.030400	-0.272886
0.030500	3.193858	0.030500	-0.427823
0.030600	3.204330	0.030600	-0.582740
0.030700	3.214802	0.030700	-0.737626
0.030800	3.225273	0.030800	-0.892468
0.030900	3.235745	0.030900	-1.047255
0.031000	3.246217	0.031000	-1.201974
0.031100	3.256688	0.031100	-1.356612
0.031200	3.267160	0.031200	-1.511156
0.031300	3.277632	0.031300	-1.665593
0.031400	3.288103	0.031400	-1.819910
0.031500	3.298575	0.031500	-1.974092
0.031600	3.309047	0.031600	-2.128125
0.031700	3.319518	0.031700	-2.281995
0.031800	3.329990	0.031800	-2.435686
0.031900	3.340462	0.031900	-2.589183
0.032000	3.350933	0.032000	-2.742469
0.032100	3.361405	0.032100	-2.895528
0.032200	3.371877	0.032200	-3.048343
0.032300	3.382348	0.032300	-3.200896
0.032400	3.392820	0.032400	-3.353168
0.032500	3.403292	0.032500	-3.505141
0.032600	3.413763	0.032600	-3.656794
0.032700	3.424235	0.032700	-3.808109
0.032800	3.434707	0.032800	-3.959064
0.032900	3.445178	0.032900	-4.109636
0.033000	3.455650	0.033000	-4.259805
0.033100	3.466122	0.033100	-4.409546
0.033200	3.476593	0.033200	-4.558836
0.033300	3.487065	0.033300	-4.707651
0.033400	3.497537	0.033400	-4.855964
0.033500	3.508008	0.033500	-5.003749
0.033600	3.518480	0.033600	-5.150980
0.033700	3.528952	0.033700	-5.297628
0.033800	3.539423	0.033800	-5.443664
0.033900	3.549895	0.033900	-5.589058
0.034000	3.560367	0.034000	-5.733780
0.034100	3.570838	0.034100	-5.877797
0.034200	3.581310	0.034200	-6.021078
0.034300	3.591782	0.034300	-6.163589
0.034400	3.602253	0.034400	-6.305294
0.034500	3.612725	0.034500	-6.446159
0.034600	3.623197	0.034600	-6.586147
0.034700	3.633668	0.034700	-6.725219
0.034800	3.644140	0.034800	-6.863338
0.034900	3.654612	0.034900	-7.000464
0.035000	3.665083	0.035000	-7.136556
0.035100	3.675555	0.035100	-7.271572
0.035200	3.686027	0.035200	-7.405470
0.035300	3.696498	0.035300	-7.538205
0.035400	3.706970	0.035400	-7.669732
0.035500	3.717442	0.035500	-7.800006
0.035600	3.727913	0.035600	-7.928980
0.035700	3.738385	0.035700	-8.056605
0.035800	3.748857	0.035800	-8.182832
0.035900	3.759328	0.035900	-8.307610
0.036000	3.769800	0.036000	-8.430890
0.036100	3.780272	0.036100	-8.552617
0.036200	3.790743	0.036200	-8.672739
0.036300	3.801215	0.036300	-8.791202
0.036400	3.811687	0.036400	-8.907949
0.036500	3.822158	0.036500	-9.022925
0.036600	3.832630	0.036600	-9.136072
0.036700	3.843102	0.036700	-9.247332
0.036800	3.853573	0.036800	-9.356645
0.036900	3.864045	0.036900	-9.463951
0.037000	3.874517	0.037000	-9.569189
0.037100	3.884988	0.037100	-9.672296
0.037200	3.895460	0.037200	-9.773211
0.037300	3.905932	0.037300	-9.871868
0.037400	3.916403	0.037400	-9.968204
0.037500	3.926875	0.037500	-10.062154
0.037600	3.937347	0.037600	-10.153650
0.037700	3.947818	0.037700	-10.242627
0.037800	3.958290	0.037800	-10.329017
0.037900	3.968762	0.037900	-10.412752
0.038000	3.979233	0.038000	-10.493763
0.038100	3.989705	0.038100	-10.571981
0.038200	4.000177	0.038200	-10.647337
0.038300	4.010648	0.038300	-10.719761
0.038400	4.021120	0.038400	-10.789181
0.038500	4.031592	0.038500	-10.855528
0.038600	4.042063	0.038600	-10.918730
0.038700	4.052535	0.038700	-10.978716
0.038800	4.063007	0.038800	-11.035414
0.038900	4.073478	0.038900	-11.088754
0.039000	4.083950	0.039000	-11.138662
0.039100	4.094422	0.039100	-11.185068
0.039200	4.104893	0.039200	-11.227901
0.039300	4.115365	0.039300	-11.267089
0.039400	4.125837	0.039400	-11.302560
0.039500	4.136308	0.039500	-11.334245
0.039600	4.146780	0.039600	-11.362073
0.039700	4.157252	0.039700	-11.385974
0.039800	4.167723	0.039800	-11.405879
0.039900	4.178195	0.039900	-11.421718
0.040000	4.188667	0.040000	-11.433425
0.040100	4.199138	0.040100	-11.440932
0.040200	4.209610	0.040200	-11.444172
0.040300	4.220082	0.040300	-11.443081
0.040400	4.230553	0.040400	-11.437593
0.040500	4.241025	0.040500	-11.427646
0.040600	4.251497	0.040600	-11.413179
0.040700	4.261968	0.040700	-11.394129
0.040800	4.272440	0.040800	-11.370440
0.040900	4.282912	0.040900	-11.342052
0.041000	4.293383	0.041000	-11.308910
0.041100	4.303855	0.041100	-11.270959
0.041200	4.314327	0.041200	-11.228148
0.041300	4.324798	0.041300	-11.180425
0.041400	4.335270	0.041400	-11.127743
0.041500	4.345742	0.041500	-11.070054
0.041600	4.356213	0.041600	-11.007315
0.041700	4.366685	0.041700	-10.939484
0.041800	4.377157	0.041800	-10.866522
0.041900	4.387628	0.041900	-10.788390
0.042000	4.398100	0.042000	-10.705056
0.042100	4.408572	0.042100	-10.616488
0.042200	4.419043	0.042200	-10.522656
0.042300	4.429515	0.042300	-10.423534
0.042400	4.439987	0.042400	-10.319101
0.042500	4.450458	0.042500	-10.209335
0.042600	4.460930	0.042600	-10.094220
0.042700	4.471402	0.042700	-9.973744
0.042800	4.481873	0.042800	-9.847895
0.042900	4.492345	0.042900	-9.716666
0.043000	4.502817	0.043000	-9.580056
0.043100	4.513288	0.043100	-9.438065
0.043200	4.523760	0.043200	-9.290695
0.043300	4.534232	0.043300	-9.137957
0.043400	4.544703	0.043400	-8.979860
0.043500	4.555175	0.043500	-8.816422
0.043600	4.565647	0.043600	-8.647661
0.043700	4.576118	0.043700	-8.473602
0.043800	4.586590	0.043800	-8.294273
0.043900	4.597062	0.043900	-8.109704
0.044000	4.607533	0.044000	-7.919933
0.044100	4.618005	0.044100	-7.725000
0.044200	4.628477	0.044200	-7.524950
0.044300	4.638948	0.044300	-7.319833
0.044400	4.649420	0.044400	-7.109701
0.044500	4.659892	0.044500	-6.894613
0.044600	4.670363	0.044600	-6.674631
0.044700	4.680835	0.044700	-6.449823
0.044800	4.691307	0.044800	-6.220259
0.044900	4.701778	0.044900	-5.986018
0.045000	4.712250	0.045000	-5.747177
0.045100	4.722722	0.045100	-5.503824
0.045200	4.733193	0.045200	-5.256048
0.045300	4.743665	0.045300	-5.003943
0.045400	4.754137	0.045400	-4.747608
0.045500	4.764608	0.045500	-4.487147
0.045600	4.775080	0.045600	-4.222667
0.045700	4.785552	0.045700	-3.954281
0.045800	4.796023	0.045800	-3.682106
0.045900	4.806495	0.045900	-3.406263
0.046000	4.816967	0.046000	-3.126878
0.046100	4.827438	0.046100	-2.844081
0.046200	4.837910	0.046200	-2.558006
0.046300	4.848382	0.046300	-2.268792
0.046400	4.858853	0.046400	-1.976581
0.046500	4.869325	0.046500	-1.681520
0.046600	4.879797	0.046600	-1.383760
0.046700	4.890268	0.046700	-1.083456
0.046800	4.900740	0.046800	-0.780766
0.046900	4.911212	0.046900	-0.475853
0.047000	4.921683	0.047000	-0.168883
0.047100	4.932155	0.047100	0.139975
0.047200	4.942627	0.047200	0.450549
0.047300	4.953098	0.047300	0.762660
0.047400	4.963570	0.047400	1.076131
0.047500	4.974042	0.047500	1.390778
0.047600	4.984513	0.047600	1.706416
0.047700	4.994985	0.047700	2.022856
0.047800	5.005457	0.047800	2.339907
0.047900	5.015928	0.047900	2.657376
0.048000	5.026400	0.048000	2.975066
0.048100	5.036872	0.048100	3.292778
0.048200	5.047343	0.048200	3.610314
0.048300	5.057815	0.048300	3.927469
0.048400	5.068287	0.048400	4.244040
0.048500	5.078758	0.048500	4.559821
0.048600	5.089230	0.048600	4.874605
0.048700	5.099702	0.048700	5.188183
0.048800	5.110173	0.048800	5.500345
0.048900	5.120645	0.048900	5.810881
0.049000	5.131117	0.049000	6.119579
0.049100	5.141588	0.049100	6.426227
0.049200	5.152060	0.049200	6.730613
0.049300	5.162532	0.049300	7.032524
0.049400	5.173003	0.049400	7.331748
0.049500	5.183475	0.049500	7.628071
0.049600	5.193947	0.049600	7.921283
0.049700	5.204418	0.049700	8.211172
0.049800	5.214890	0.049800	8.497526
0.049900	5.225362	0.049900	8.780136
0.050000	5.235833	0.050000	9.058792
0.050100	5.246305	0.050100	9.333289
0.050200	5.256777	0.050200	9.603418
0.050300	5.267248	0.050300	9.868977
0.050400	5.277720	0.050400	10.129763
0.050500	5.288192	0.050500	10.385576
0.050600	5.298663	0.050600	10.636217
0.050700	5.309135	0.050700	10.881491
0.050800	5.319607	0.050800	11.121205
0.050900	5.330078	0.050900	11.355169
0.051000	5.340550	0.051000	11.583195
0.051100	5.351022	0.051100	11.805101
0.051200	5.361493	0.051200	12.020705
0.051300	5.371965	0.051300	12.229830
0.051400	5.382437	0.051400	12.432304
0.051500	5.392908	0.051500	12.627956
0.051600	5.403380	0.051600	12.816621
0.051700	5.413852	0.051700	12.998139
0.051800	5.424323	0.051800	13.172352
0.051900	5.434795	0.051900	13.339108
0.052000	5.445267	0.052000	13.498260
0.052100	5.455738	0.052100	13.649665
0.052200	5.466210	0.052200	13.793186
0.052300	5.476682	0.052300	13.928690
0.052400	5.487153	0.052400	14.056049
0.052500	5.497625	0.052500	14.175142
0.052600	5.508097	0.052600	14.285852
0.052700	5.518568	0.052700	14.388069
0.052800	5.529040	0.052800	14.481688
0.052900	5.539512	0.052900	14.566609
0.053000	5.549983	0.053000	14.642740
0.053100	5.560455	0.053100	14.709993
0.053200	5.570927	0.053200	14.768288
0.053300	5.581398	0.053300	14.817550
0.053400	5.591870	0.053400	14.857711
0.053500	5.602342	0.053500	14.888709
0.053600	5.612813	0.053600	14.910489
0.053700	5.623285	0.053700	14.923002
0.053800	5.633757	0.053800	14.926206
0.053900	5.644228	0.053900	14.920066
0.054000	5.654700	0.054000	14.904554
0.054100	5.665172	0.054100	14.879647
0.054200	5.675643	0.054200	14.845331
0.054300	5.686115	0.054300	14.801597
0.054400	5.696587	0.054400	14.748445
0.054500	5.707058	0.054500	14.685879
0.054600	5.717530	0.054600	14.613914
0.054700	5.728002	0.054700	14.532567
0.054800	5.738473	0.054800	14.441866
0.054900	5.748945	0.054900	14.341845
0.055000	5.759417	0.055000	14.232543
0.055100	5.769888	0.055100	14.114009
0.055200	5.780360	0.055200	13.986295
0.055300	5.790832	0.055300	13.849464
0.055400	5.801303	0.055400	13.703583
0.055500	5.811775	0.055500	13.548726
0.055600	5.822247	0.055600	13.384976
0.055700	5.832718	0.055700	13.212420
0.055800	5.843190	0.055800	13.031153
0.055900	5.853662	0.055900	12.841276
0.056000	5.864133	0.056000	12.642898
0.056100	5.874605	0.056100	12.436131
0.056200	5.885077	0.056200	12.221098
0.056300	5.895548	0.056300	11.997924
0.056400	5.906020	0.056400	11.766743
0.056500	5.916492	0.056500	11.527694
0.056600	5.926963	0.056600	11.280922
0.056700	5.937435	0.056700	11.026578
0.056800	5.947907	0.056800	10.764818
0.056900	5.958378	0.056900	10.495805
0.057000	5.968850	0.057000	10.219708
0.057100	5.979322	0.057100	9.936698
0.057200	5.989793	0.057200	9.646955
0.057300	6.000265	0.057300	9.350663
0.057400	6.010737	0.057400	9.048010
0.057500	6.021208	0.057500	8.739190
0.057600	6.031680	0.057600	8.424401
0.057700	6.042152	0.057700	8.103846
0.057800	6.052623	0.057800	7.777732
0.057900	6.063095	0.057900	7.446272
0.058000	6.073567	0.058000	7.109680
0.058100	6.084038	0.058100	6.768176
0.058200	6.094510	0.058200	6.421985
0.058300	6.104982	0.058300	6.071331
0.058400	6.115453	0.058400	5.716447
0.058500	6.125925	0.058500	5.357566
0.058600	6.136397	0.058600	4.994925
0.058700	6.146868	0.058700	4.628762
0.058800	6.157340	0.058800	4.259321
0.058900	6.167812	0.058900	3.886847
0.059000	6.178283	0.059000	3.511587
0.059100	6.188755	0.059100	3.133790
0.059200	6.199227	0.059200	2.753707
0.059300	6.209698	0.059300	2.371592
0.059400	6.220170	0.059400	1.987700
0.059500	6.230642	0.059500	1.602286
0.059600	6.241113	0.059600	1.215608
0.059700	6.251585	0.059700	0.827924
0.059800	6.262057	0.059800	0.439494
0.059900	6.272528	0.059900	0.050576
0.060000	6.283000	0.060000	-0.338569
0.060100	6.293472	0.060100	-0.727680
0.060200	6.303943	0.060200	-1.116498
0.060300	6.314415	0.060300	-1.504762
0.060400	6.324887	0.060400	-1.892213
0.060500	6.335358	0.060500	-2.278592
0.060600	6.345830	0.060600	-2.663640
0.060700	6.356302	0.060700	-3.047100
0.060800	6.366773	0.060800	-3.428715
0.060900	6.377245	0.060900	-3.808232
0.061000	6.387717	0.061000	-4.185398
0.061100	6.398188	0.061100	-4.559959
0.061200	6.408660	0.061200	-4.931669
0.061300	6.419132	0.061300	-5.300278
0.061400	6.429603	0.061400	-5.665542
0.061500	6.440075	0.061500	-6.027220
0.061600	6.450547	0.061600	-6.385070
0.061700	6.461018	0.061700	-6.738857
0.061800	6.471490	0.061800	-7.088347
0.061900	6.481962	0.061900	-7.433309
0.062000	6.492433	0.062000	-7.773517
0.062100	6.502905	0.062100	-8.108746
0.062200	6.513377	0.062200	-8.438778
0.062300	6.523848	0.062300	-8.763397
0.062400	6.534320	0.062400	-9.082391
0.062500	6.544792	0.062500	-9.395553
0.062600	6.555263	0.062600	-9.702680
0.062700	6.565735	0.062700	-10.003574
0.062800	6.576207	0.062800	-10.298041
0.062900	6.586678	0.062900	-10.585893
0.063000	6.597150	0.063000	-10.866945
0.063100	6.607622	0.063100	-11.141020
0.063200	6.618093	0.063200	-11.407944
0.063300	6.628565	0.063300	-11.667550
0.063400	6.639037	0.063400	-11.919674
0.063500	6.649508	0.063500	-12.164161
0.063600	6.659980	0.063600	-12.400859
0.063700	6.670452	0.063700	-12.629624
0.063800	6.680923	0.063800	-12.850316
0.063900	6.691395	0.063900	-13.062802
0.064000	6.701867	0.064000	-13.266957
0.064100	6.712338	0.064100	-13.462658
0.064200	6.722810	0.064200	-13.649793
0.064300	6.733282	0.064300	-13.828253
0.064400	6.743753	0.064400	-13.997937
0.064500	6.754225	0.064500	-14.158751
0.064600	6.764697	0.064600	-14.310607
0.064700	6.775168	0.064700	-14.453423
0.064800	6.785640	0.064800	-14.587124
0.064900	6.796112	0.064900	-14.711644
0.065000	6.806583	0.065000	-14.826921
0.065100	6.817055	0.065100	-14.932902
