0.000000	1673.295860	-1233.826496	2079.001408	0.000000	0.000000	26.868086	26.868086
0.000100	23.982529	32.572770	40.449315	0.000100	0.000000	-0.074226	0.074226
0.000200	23.954027	32.582219	40.440035	0.000200	0.000000	-0.148409	0.148409
0.000300	23.921792	32.586712	40.424571	0.000300	0.000000	-0.222505	0.222505
0.000400	23.885799	32.586271	40.402926	0.000400	0.000000	-0.296471	0.296471
0.000500	23.846024	32.580919	40.375106	0.000500	0.000000	-0.370263	0.370263
0.000600	23.802447	32.570680	40.341116	0.000600	0.000000	-0.443838	0.443838
0.000700	23.755044	32.555578	40.300965	0.000700	0.000000	-0.517153	0.517153
0.000800	23.703797	32.535639	40.254662	0.000800	0.000000	-0.590165	0.590165
0.000900	23.648685	32.510890	40.202217	0.000900	0.000000	-0.662831	0.662831
0.001000	23.589689	32.481357	40.143642	0.001000	0.000000	-0.735109	0.735109
0.001100	23.526792	32.447071	40.078951	0.001100	0.000000	-0.806957	0.806957
0.001200	23.459978	32.408059	40.008159	0.001200	0.000000	-0.878331	0.878331
0.001300	23.389230	32.364352	39.931283	0.001300	0.000000	-0.949192	0.949192
0.001400	23.314533	32.315981	39.848339	0.001400	0.000000	-1.019495	1.019495
0.001500	23.235874	32.262979	39.759347	0.001500	0.000000	-1.089202	1.089202
0.001600	23.153240	32.205378	39.664328	0.001600	0.000000	-1.158271	1.158271
0.001700	23.066620	32.143211	39.563304	0.001700	0.000000	-1.226660	1.226660
0.001800	22.976002	32.076514	39.456298	0.001800	0.000000	-1.294331	1.294331
0.001900	22.881378	32.005321	39.343335	0.001900	0.000000	-1.361244	1.361244
0.002000	22.782738	31.929668	39.224443	0.002000	0.000000	-1.427359	1.427359
0.002100	22.680076	31.849593	39.099648	0.002100	0.000000	-1.492637	1.492637
0.002200	22.573385	31.765133	38.968980	0.002200	0.000000	-1.557040	1.557040
0.002300	22.462660	31.676325	38.832469	0.002300	0.000000	-1.620531	1.620531
0.002400	22.347897	31.583210	38.690149	0.002400	0.000000	-1.683072	1.683072
0.002500	22.229094	31.485826	38.542053	0.002500	0.000000	-1.744627	1.744627
0.002600	22.106249	31.384214	38.388216	0.002600	0.000000	-1.805159	1.805159
0.002700	21.979361	31.278415	38.228674	0.002700	0.000000	-1.864633	1.864633
0.002800	21.848431	31.168471	38.063467	0.002800	0.000000	-1.923013	1.923013
0.002900	21.713461	31.054424	37.892633	0.002900	0.000000	-1.980267	1.980267
0.003000	21.574456	30.936317	37.716215	0.003000	0.000000	-2.036359	2.036359
0.003100	21.431418	30.814194	37.534254	0.003100	0.000000	-2.091258	2.091258
0.003200	21.284355	30.688098	37.346795	0.003200	0.000000	-2.144931	2.144931
0.003300	21.133272	30.558074	37.153884	0.003300	0.000000	-2.197346	2.197346
0.003400	20.978179	30.424167	36.955567	0.003400	0.000000	-2.248473	2.248473
0.003500	20.819085	30.286424	36.751895	0.003500	0.000000	-2.298283	2.298283
0.003600	20.656001	30.144890	36.542917	0.003600	0.000000	-2.346744	2.346744
0.003700	20.488939	29.999613	36.328686	0.003700	0.000000	-2.393830	2.393830
0.003800	20.317914	29.850639	36.109254	0.003800	0.000000	-2.439513	2.439513
0.003900	20.142939	29.698016	35.884678	0.003900	0.000000	-2.483766	2.483766
0.004000	19.964030	29.541792	35.655013	0.004000	0.000000	-2.526563	2.526563
0.004100	19.781207	29.382016	35.420319	0.004100	0.000000	-2.567879	2.567879
0.004200	19.594487	29.218737	35.180655	0.004200	0.000000	-2.607690	2.607690
0.004300	19.403891	29.052004	34.936083	0.004300	0.000000	-2.645974	2.645974
0.004400	19.209440	28.881867	34.686666	0.004400	0.000000	-2.682707	2.682707
0.004500	19.011158	28.708376	34.432470	0.004500	0.000000	-2.717868	2.717868
0.004600	18.809069	28.531581	34.173560	0.004600	0.000000	-2.751437	2.751437
0.004700	18.603199	28.351534	33.910006	0.004700	0.000000	-2.783395	2.783395
0.004800	18.393574	28.168285	33.641877	0.004800	0.000000	-2.813722	2.813722
0.004900	18.180224	27.981886	33.369245	0.004900	0.000000	-2.842403	2.842403
0.005000	17.963178	27.792389	33.092184	0.005000	0.000000	-2.869419	2.869419
0.005100	17.742467	27.599845	32.810770	0.005100	0.000000	-2.894756	2.894756
0.005200	17.518125	27.404307	32.525079	0.005200	0.000000	-2.918400	2.918400
0.005300	17.290185	27.205827	32.235191	0.005300	0.000000	-2.940337	2.940337
0.005400	17.058683	27.004457	31.941186	0.005400	0.000000	-2.960554	2.960554
0.005500	16.823655	26.800251	31.643148	0.005500	0.000000	-2.979041	2.979041
0.005600	16.585141	26.593261	31.341162	0.005600	0.000000	-2.995787	2.995787
0.005700	16.343178	26.383541	31.035314	0.005700	0.000000	-3.010783	3.010783
0.005800	16.097808	26.171144	30.725693	0.005800	0.000000	-3.024022	3.024022
0.005900	15.849074	25.956123	30.412390	0.005900	0.000000	-3.035495	3.035495
0.006000	15.597020	25.738531	30.095498	0.006000	0.000000	-3.045198	3.045198
0.006100	15.341689	25.518423	29.775113	0.006100	0.000000	-3.053126	3.053126
0.006200	15.083129	25.295853	29.451332	0.006200	0.000000	-3.059274	3.059274
0.006300	14.821387	25.070873	29.124254	0.006300	0.000000	-3.063641	3.063641
0.006400	14.556512	24.843537	28.793981	0.006400	0.000000	-3.066224	3.066224
0.006500	14.288554	24.613900	28.460619	0.006500	0.000000	-3.067025	3.067025
0.006600	14.017565	24.382015	28.124274	0.006600	0.000000	-3.066042	3.066042
0.006700	13.743599	24.147937	27.785056	0.006700	0.000000	-3.063279	3.063279
0.006800	13.466708	23.911718	27.443077	0.006800	0.000000	-3.058739	3.058739
0.006900	13.186949	23.673412	27.098451	0.006900	0.000000	-3.052425	3.052425
0.007000	12.904378	23.433074	26.751298	0.007000	0.000000	-3.044342	3.044342
0.007100	12.619053	23.190757	26.401737	0.007100	0.000000	-3.034498	3.034498
0.007200	12.331033	22.946514	26.049892	0.007200	0.000000	-3.022899	3.022899
0.007300	12.040378	22.700399	25.695891	0.007300	0.000000	-3.009555	3.009555
0.007400	11.747150	22.452466	25.339865	0.007400	0.000000	-2.994474	2.994474
0.007500	11.451412	22.202766	24.981947	0.007500	0.000000	-2.977667	2.977667
0.007600	11.153227	21.951354	24.622275	0.007600	0.000000	-2.959147	2.959147
0.007700	10.852660	21.698283	24.260992	0.007700	0.000000	-2.938926	2.938926
0.007800	10.549778	21.443605	23.898242	0.007800	0.000000	-2.917019	2.917019
0.007900	10.244646	21.187372	23.534177	0.007900	0.000000	-2.893440	2.893440
0.008000	9.937334	20.929637	23.168951	0.008000	0.000000	-2.868205	2.868205
0.008100	9.627910	20.670451	22.802724	0.008100	0.000000	-2.841331	2.841331
0.008200	9.316445	20.409868	22.435660	0.008200	0.000000	-2.812837	2.812837
0.008300	9.003009	20.147938	22.067931	0.008300	0.000000	-2.782742	2.782742
0.008400	8.687674	19.884713	21.699712	0.008400	0.000000	-2.751066	2.751066
0.008500	8.370513	19.620244	21.331185	0.008500	0.000000	-2.717829	2.717829
0.008600	8.051601	19.354581	20.962540	0.008600	0.000000	-2.683055	2.683055
0.008700	7.731012	19.087775	20.593973	0.008700	0.000000	-2.646766	2.646766
0.008800	7.408820	18.819877	20.225686	0.008800	0.000000	-2.608986	2.608986
0.008900	7.085103	18.550936	19.857893	0.008900	0.000000	-2.569740	2.569740
0.009000	6.759937	18.281001	19.490812	0.009000	0.000000	-2.529054	2.529054
0.009100	6.433400	18.010122	19.124673	0.009100	0.000000	-2.486955	2.486955
0.009200	6.105570	17.738347	18.759716	0.009200	0.000000	-2.443470	2.443470
0.009300	5.776527	17.465725	18.396190	0.009300	0.000000	-2.398627	2.398627
0.009400	5.446349	17.192304	18.034357	0.009400	0.000000	-2.352455	2.352455
0.009500	5.115118	16.918131	17.674490	0.009500	0.000000	-2.304986	2.304986
0.009600	4.782913	16.643254	17.316875	0.009600	0.000000	-2.256248	2.256248
0.009700	4.449816	16.367719	16.961813	0.009700	0.000000	-2.206275	2.206275
0.009800	4.115908	16.091573	16.609619	0.009800	0.000000	-2.155098	2.155098
0.009900	3.781272	15.814862	16.260624	0.009900	0.000000	-2.102749	2.102749
0.010000	3.445991	15.537630	15.915176	0.010000	0.000000	-2.049264	2.049264
0.010100	3.110145	15.259924	15.573641	0.010100	0.000000	-1.994675	1.994675
0.010200	2.773820	14.981787	15.236405	0.010200	0.000000	-1.939018	1.939018
0.010300	2.437098	14.703264	14.903872	0.010300	0.000000	-1.882328	1.882328
0.010400	2.100062	14.424397	14.576471	0.010400	0.000000	-1.824641	1.824641
0.010500	1.762797	14.145231	14.254649	0.010500	0.000000	-1.765994	1.765994
0.010600	1.425386	13.865807	13.938878	0.010600	0.000000	-1.706424	1.706424
0.010700	1.087912	13.586168	13.629656	0.010700	0.000000	-1.645968	1.645968
0.010800	0.750461	13.306355	13.327500	0.010800	0.000000	-1.584664	1.584664
0.010900	0.413115	13.026408	13.032957	0.010900	0.000000	-1.522550	1.522550
0.011000	0.075959	12.746369	12.746596	0.011000	0.000000	-1.459667	1.459667
0.011100	-0.260924	12.466277	12.469008	0.011100	0.000000	-1.396051	1.396051
0.011200	-0.597450	12.186172	12.200809	0.011200	0.000000	-1.331744	1.331744
0.011300	-0.933535	11.906092	11.942634	0.011300	0.000000	-1.266784	1.266784
0.011400	-1.269098	11.626075	11.695137	0.011400	0.000000	-1.201211	1.201211
0.011500	-1.604053	11.346159	11.458984	0.011500	0.000000	-1.135067	1.135067
0.011600	-1.938320	11.066381	11.234851	0.011600	0.000000	-1.068391	1.068391
0.011700	-2.271816	10.786778	11.023417	0.011700	0.000000	-1.001223	1.001223
0.011800	-2.604459	10.507385	10.825356	0.011800	0.000000	-0.933605	0.933605
0.011900	-2.936167	10.228237	10.641331	0.011900	0.000000	-0.865577	0.865577
0.012000	-3.266861	9.949370	10.471979	0.012000	0.000000	-0.797180	0.797180
0.012100	-3.596459	9.670817	10.317908	0.012100	0.000000	-0.728455	0.728455
0.012200	-3.924882	9.392612	10.179679	0.012200	0.000000	-0.659443	0.659443
0.012300	-4.252051	9.114787	10.057797	0.012300	0.000000	-0.590184	0.590184
0.012400	-4.577887	8.837375	9.952701	0.012400	0.000000	-0.520720	0.520720
0.012500	-4.902313	8.560408	9.864748	0.012500	0.000000	-0.451090	0.451090
0.012600	-5.225252	8.283917	9.794209	0.012600	0.000000	-0.381336	0.381336
0.012700	-5.546627	8.007931	9.741254	0.012700	0.000000	-0.311498	0.311498
0.012800	-5.866364	7.732481	9.705951	0.012800	0.000000	-0.241617	0.241617
0.012900	-6.184388	7.457596	9.688261	0.012900	0.000000	-0.171731	0.171731
0.013000	-6.500625	7.183305	9.688034	0.013000	0.000000	-0.101881	0.101881
0.013100	-6.815003	6.909635	9.705016	0.013100	0.000000	-0.032105	0.032105
0.013200	-7.127451	6.636614	9.738850	0.013200	0.000000	0.037555	0.037555
0.013300	-7.437897	6.364269	9.789087	0.013300	0.000000	0.107063	0.107063
0.013400	-7.746273	6.092625	9.855193	0.013400	0.000000	0.176380	0.176380
0.013500	-8.052509	5.821708	9.936559	0.013500	0.000000	0.245467	0.245467
0.013600	-8.356540	5.551543	10.032517	0.013600	0.000000	0.314288	0.314288
0.013700	-8.658298	5.282155	10.142351	0.013700	0.000000	0.382805	0.382805
0.013800	-8.957719	5.013566	10.265309	0.013800	0.000000	0.450981	0.450981
0.013900	-9.254739	4.745800	10.400616	0.013900	0.000000	0.518780	0.518780
0.014000	-9.549296	4.478880	10.547484	0.014000	0.000000	0.586168	0.586168
0.014100	-9.841329	4.212826	10.705123	0.014100	0.000000	0.653108	0.653108
0.014200	-10.130777	3.947661	10.872749	0.014200	0.000000	0.719567	0.719567
0.014300	-10.417583	3.683404	11.049593	0.014300	0.000000	0.785510	0.785510
0.014400	-10.701690	3.420076	11.234905	0.014400	0.000000	0.850905	0.850905
0.014500	-10.983041	3.157697	11.427959	0.014500	0.000000	0.915719	0.915719
0.014600	-11.261583	2.896284	11.628057	0.014600	0.000000	0.979919	0.979919
0.014700	-11.537263	2.635857	11.834533	0.014700	0.000000	1.043476	1.043476
0.014800	-11.810029	2.376432	12.046751	0.014800	0.000000	1.106358	1.106358
0.014900	-12.079831	2.118027	12.264108	0.014900	0.000000	1.168535	1.168535
0.015000	-12.346621	1.860658	12.486036	0.015000	0.000000	1.229980	1.229980
0.015100	-12.610352	1.604342	12.711998	0.015100	0.000000	1.290662	1.290662
0.015200	-12.870979	1.349093	12.941490	0.015200	0.000000	1.350555	1.350555
0.015300	-13.128458	1.094926	13.174038	0.015300	0.000000	1.409633	1.409633
0.015400	-13.382747	0.841855	13.409199	0.015400	0.000000	1.467868	1.467868
0.015500	-13.633804	0.589895	13.646560	0.015500	0.000000	1.525237	1.525237
0.015600	-13.881591	0.339058	13.885731	0.015600	0.000000	1.581714	1.581714
0.015700	-14.126070	0.089356	14.126353	0.015700	0.000000	1.637277	1.637277
0.015800	-14.367205	-0.159198	14.368087	0.015800	0.000000	1.691903	1.691903
0.015900	-14.604962	-0.406593	14.610620	0.015900	0.000000	1.745569	1.745569
0.016000	-14.839307	-0.652818	14.853660	0.016000	0.000000	1.798255	1.798255
0.016100	-15.070210	-0.897862	15.096933	0.016100	0.000000	1.849942	1.849942
0.016200	-15.297641	-1.141716	15.340187	0.016200	0.000000	1.900609	1.900609
0.016300	-15.521572	-1.384369	15.583186	0.016300	0.000000	1.950238	1.950238
0.016400	-15.741976	-1.625814	15.825710	0.016400	0.000000	1.998813	1.998813
0.016500	-15.958829	-1.866042	16.067555	0.016500	0.000000	2.046315	2.046315
0.016600	-16.172107	-2.105044	16.308533	0.016600	0.000000	2.092731	2.092731
0.016700	-16.381788	-2.342814	16.548467	0.016700	0.000000	2.138044	2.138044
0.016800	-16.587853	-2.579343	16.787193	0.016800	0.000000	2.182241	2.182241
0.016900	-16.790282	-2.814627	17.024561	0.016900	0.000000	2.225308	2.225308
0.017000	-16.989059	-3.048658	17.260430	0.017000	0.000000	2.267234	2.267234
0.017100	-17.184169	-3.281430	17.494669	0.017100	0.000000	2.308008	2.308008
0.017200	-17.375596	-3.512940	17.727157	0.017200	0.000000	2.347617	2.347617
0.017300	-17.563330	-3.743181	17.957783	0.017300	0.000000	2.386054	2.386054
0.017400	-17.747359	-3.972150	18.186443	0.017400	0.000000	2.423308	2.423308
0.017500	-17.927673	-4.199842	18.413042	0.017500	0.000000	2.459373	2.459373
0.017600	-18.104265	-4.426254	18.637493	0.017600	0.000000	2.494240	2.494240
0.017700	-18.277128	-4.651383	18.859713	0.017700	0.000000	2.527905	2.527905
0.017800	-18.446257	-4.875226	19.079628	0.017800	0.000000	2.560360	2.560360
0.017900	-18.611648	-5.097780	19.297171	0.017900	0.000000	2.591602	2.591602
0.018000	-18.773300	-5.319044	19.512279	0.018000	0.000000	2.621626	2.621626
0.018100	-18.931211	-5.539016	19.724894	0.018100	0.000000	2.650430	2.650430
0.018200	-19.085382	-5.757694	19.934966	0.018200	0.000000	2.678010	2.678010
0.018300	-19.235815	-5.975078	20.142446	0.018300	0.000000	2.704366	2.704366
0.018400	-19.382512	-6.191167	20.347293	0.018400	0.000000	2.729497	2.729497
0.018500	-19.525479	-6.405960	20.549469	0.018500	0.000000	2.753403	2.753403
0.018600	-19.664721	-6.619459	20.748939	0.018600	0.000000	2.776083	2.776083
0.018700	-19.800245	-6.831662	20.945675	0.018700	0.000000	2.797540	2.797540
0.018800	-19.932058	-7.042571	21.139649	0.018800	0.000000	2.817775	2.817775
0.018900	-20.060172	-7.252186	21.330839	0.018900	0.000000	2.836792	2.836792
0.019000	-20.184595	-7.460509	21.519226	0.019000	0.000000	2.854592	2.854592
0.019100	-20.305340	-7.667542	21.704793	0.019100	0.000000	2.871181	2.871181
0.019200	-20.422420	-7.873285	21.887527	0.019200	0.000000	2.886564	2.886564
0.019300	-20.535848	-8.077741	22.067418	0.019300	0.000000	2.900744	2.900744
0.019400	-20.645638	-8.280913	22.244458	0.019400	0.000000	2.913728	2.913728
0.019500	-20.751808	-8.482802	22.418641	0.019500	0.000000	2.925523	2.925523
0.019600	-20.854374	-8.683412	22.589966	0.019600	0.000000	2.936135	2.936135
0.019700	-20.953353	-8.882745	22.758431	0.019700	0.000000	2.945571	2.945571
0.019800	-21.048765	-9.080805	22.924039	0.019800	0.000000	2.953840	2.953840
0.019900	-21.140629	-9.277595	23.086793	0.019900	0.000000	2.960950	2.960950
0.020000	-21.228966	-9.473119	23.246698	0.020000	0.000000	2.966910	2.966910
0.020100	-21.313797	-9.667380	23.403764	0.020100	0.000000	2.971730	2.971730
0.020200	-21.395145	-9.860382	23.558000	0.020200	0.000000	2.975418	2.975418
0.020300	-21.473031	-10.052129	23.709415	0.020300	0.000000	2.977986	2.977986
0.020400	-21.547481	-10.242626	23.858024	0.020400	0.000000	2.979445	2.979445
0.020500	-21.618518	-10.431878	24.003841	0.020500	0.000000	2.979804	2.979804
0.020600	-21.686168	-10.619888	24.146882	0.020600	0.000000	2.979077	2.979077
0.020700	-21.750456	-10.806662	24.287163	0.020700	0.000000	2.977273	2.977273
0.020800	-21.811409	-10.992203	24.424703	0.020800	0.000000	2.974407	2.974407
0.020900	-21.869054	-11.176519	24.559521	0.020900	0.000000	2.970489	2.970489
0.021000	-21.923418	-11.359612	24.691640	0.021000	0.000000	2.965533	2.965533
0.021100	-21.974530	-11.541489	24.821079	0.021100	0.000000	2.959551	2.959551
0.021200	-22.022419	-11.722155	24.947863	0.021200	0.000000	2.952558	2.952558
0.021300	-22.067113	-11.901616	25.072015	0.021300	0.000000	2.944566	2.944566
0.021400	-22.108642	-12.079876	25.193559	0.021400	0.000000	2.935589	2.935589
0.021500	-22.147036	-12.256941	25.312522	0.021500	0.000000	2.925641	2.925641
0.021600	-22.182325	-12.432817	25.428930	0.021600	0.000000	2.914736	2.914736
0.021700	-22.214541	-12.607510	25.542810	0.021700	0.000000	2.902889	2.902889
0.021800	-22.243714	-12.781025	25.654189	0.021800	0.000000	2.890114	2.890114
0.021900	-22.269876	-12.953369	25.763097	0.021900	0.000000	2.876425	2.876425
0.022000	-22.293059	-13.124546	25.869561	0.022000	0.000000	2.861838	2.861838
0.022100	-22.313295	-13.294562	25.973612	0.022100	0.000000	2.846366	2.846366
0.022200	-22.330616	-13.463425	26.075280	0.022200	0.000000	2.830026	2.830026
0.022300	-22.345054	-13.631138	26.174594	0.022300	0.000000	2.812831	2.812831
0.022400	-22.356642	-13.797709	26.271586	0.022400	0.000000	2.794798	2.794798
0.022500	-22.365414	-13.963143	26.366287	0.022500	0.000000	2.775941	2.775941
0.022600	-22.371401	-14.127446	26.458729	0.022600	0.000000	2.756275	2.756275
0.022700	-22.374638	-14.290624	26.548943	0.022700	0.000000	2.735816	2.735816
0.022800	-22.375157	-14.452683	26.636961	0.022800	0.000000	2.714578	2.714578
0.022900	-22.372992	-14.613628	26.722816	0.022900	0.000000	2.692578	2.692578
0.023000	-22.368176	-14.773465	26.806539	0.023000	0.000000	2.669830	2.669830
0.023100	-22.360742	-14.932200	26.888164	0.023100	0.000000	2.646348	2.646348
0.023200	-22.350724	-15.089839	26.967723	0.023200	0.000000	2.622150	2.622150
0.023300	-22.338156	-15.246386	27.045249	0.023300	0.000000	2.597249	2.597249
0.023400	-22.323070	-15.401849	27.120775	0.023400	0.000000	2.571660	2.571660
0.023500	-22.305501	-15.556232	27.194332	0.023500	0.000000	2.545399	2.545399
0.023600	-22.285481	-15.709540	27.265955	0.023600	0.000000	2.518481	2.518481
0.023700	-22.263043	-15.861779	27.335675	0.023700	0.000000	2.490919	2.490919
0.023800	-22.238222	-16.012955	27.403526	0.023800	0.000000	2.462730	2.462730
0.023900	-22.211049	-16.163071	27.469539	0.023900	0.000000	2.433927	2.433927
0.024000	-22.181559	-16.312134	27.533748	0.024000	0.000000	2.404525	2.404525
0.024100	-22.149782	-16.460149	27.596184	0.024100	0.000000	2.374539	2.374539
0.024200	-22.115754	-16.607119	27.656879	0.024200	0.000000	2.343982	2.343982
0.024300	-22.079504	-16.753050	27.715866	0.024300	0.000000	2.312869	2.312869
0.024400	-22.041067	-16.897947	27.773175	0.024400	0.000000	2.281214	2.281214
0.024500	-22.000474	-17.041813	27.828839	0.024500	0.000000	2.249031	2.249031
0.024600	-21.957757	-17.184653	27.882887	0.024600	0.000000	2.216333	2.216333
0.024700	-21.912948	-17.326472	27.935353	0.024700	0.000000	2.183134	2.183134
0.024800	-21.866078	-17.467272	27.986264	0.024800	0.000000	2.149448	2.149448
0.024900	-21.817179	-17.607059	28.035653	0.024900	0.000000	2.115287	2.115287
0.025000	-21.766281	-17.745836	28.083548	0.025000	0.000000	2.080665	2.080665
0.025100	-21.713415	-17.883606	28.129980	0.025100	0.000000	2.045594	2.045594
0.025200	-21.658612	-18.020373	28.174977	0.025200	0.000000	2.010088	2.010088
0.025300	-21.601902	-18.156140	28.218568	0.025300	0.000000	1.974159	1.974159
0.025400	-21.543315	-18.290910	28.260782	0.025400	0.000000	1.937819	1.937819
0.025500	-21.482880	-18.424686	28.301646	0.025500	0.000000	1.901081	1.901081
0.025600	-21.420627	-18.557470	28.341188	0.025600	0.000000	1.863956	1.863956
0.025700	-21.356585	-18.689266	28.379436	0.025700	0.000000	1.826457	1.826457
0.025800	-21.290782	-18.820074	28.416414	0.025800	0.000000	1.788595	1.788595
0.025900	-21.223248	-18.949898	28.452151	0.025900	0.000000	1.750381	1.750381
0.026000	-21.154010	-19.078738	28.486670	0.026000	0.000000	1.711828	1.711828
0.026100	-21.083096	-19.206598	28.519999	0.026100	0.000000	1.672945	1.672945
0.026200	-21.010533	-19.333477	28.552160	0.026200	0.000000	1.633745	1.633745
0.026300	-20.936349	-19.459378	28.583179	0.026300	0.000000	1.594237	1.594237
0.026400	-20.860570	-19.584302	28.613078	0.026400	0.000000	1.554433	1.554433
0.026500	-20.783223	-19.708248	28.641882	0.026500	0.000000	1.514342	1.514342
0.026600	-20.704334	-19.831218	28.669612	0.026600	0.000000	1.473976	1.473976
0.026700	-20.623929	-19.953211	28.696290	0.026700	0.000000	1.433344	1.433344
0.026800	-20.542033	-20.074229	28.721939	0.026800	0.000000	1.392456	1.392456
0.026900	-20.458671	-20.194269	28.746578	0.026900	0.000000	1.351321	1.351321
0.027000	-20.373868	-20.313333	28.770228	0.027000	0.000000	1.309950	1.309950
0.027100	-20.287649	-20.431419	28.792909	0.027100	0.000000	1.268351	1.268351
0.027200	-20.200038	-20.548526	28.814640	0.027200	0.000000	1.226535	1.226535
0.027300	-20.111057	-20.664653	28.835439	0.027300	0.000000	1.184509	1.184509
0.027400	-20.020731	-20.779799	28.855324	0.027400	0.000000	1.142284	1.142284
0.027500	-19.929083	-20.893961	28.874313	0.027500	0.000000	1.099867	1.099867
0.027600	-19.836134	-21.007137	28.892422	0.027600	0.000000	1.057267	1.057267
0.027700	-19.741909	-21.119325	28.909667	0.027700	0.000000	1.014494	1.014494
0.027800	-19.646427	-21.230523	28.926064	0.027800	0.000000	0.971554	0.971554
0.027900	-19.549712	-21.340727	28.941628	0.027900	0.000000	0.928457	0.928457
0.028000	-19.451784	-21.449933	28.956373	0.028000	0.000000	0.885210	0.885210
0.028100	-19.352664	-21.558139	28.970312	0.028100	0.000000	0.841822	0.841822
0.028200	-19.252373	-21.665341	28.983458	0.028200	0.000000	0.798300	0.798300
0.028300	-19.150931	-21.771533	28.995824	0.028300	0.000000	0.754652	0.754652
0.028400	-19.048357	-21.876713	29.007421	0.028400	0.000000	0.710885	0.710885
0.028500	-18.944673	-21.980874	29.018260	0.028500	0.000000	0.667008	0.667008
0.028600	-18.839895	-22.084011	29.028352	0.028600	0.000000	0.623027	0.623027
0.028700	-18.734045	-22.186120	29.037706	0.028700	0.000000	0.578950	0.578950
0.028800	-18.627139	-22.287195	29.046331	0.028800	0.000000	0.534784	0.534784
0.028900	-18.519197	-22.387228	29.054236	0.028900	0.000000	0.490536	0.490536
0.029000	-18.410235	-22.486214	29.061428	0.029000	0.000000	0.446214	0.446214
0.029100	-18.300273	-22.584146	29.067914	0.029100	0.000000	0.401823	0.401823
0.029200	-18.189326	-22.681017	29.073701	0.029200	0.000000	0.357372	0.357372
0.029300	-18.077413	-22.776818	29.078795	0.029300	0.000000	0.312868	0.312868
0.029400	-17.964549	-22.871543	29.083200	0.029400	0.000000	0.268316	0.268316
0.029500	-17.850751	-22.965183	29.086920	0.029500	0.000000	0.223724	0.223724
0.029600	-17.736034	-23.057730	29.089961	0.029600	0.000000	0.179098	0.179098
0.029700	-17.620416	-23.149173	29.092324	0.029700	0.000000	0.134446	0.134446
0.029800	-17.503911	-23.239505	29.094011	0.029800	0.000000	0.089774	0.089774
0.029900	-17.386533	-23.328716	29.095026	0.029900	0.000000	0.045088	0.045088
0.030000	-17.268299	-23.416794	29.095368	0.030000	0.000000	0.000395	0.000395
0.030100	-17.149223	-23.503731	29.095038	0.030100	0.000000	-0.044297	0.044297
0.030200	-17.029319	-23.589514	29.094035	0.030200	0.000000	-0.088983	0.088983
0.030300	-16.908600	-23.674134	29.092359	0.030300	0.000000	-0.133656	0.133656
0.030400	-16.787081	-23.757578	29.090008	0.030400	0.000000	-0.178308	0.178308
0.030500	-16.664776	-23.839834	29.086980	0.030500	0.000000	-0.222934	0.222934
0.030600	-16.541697	-23.920889	29.083271	0.030600	0.000000	-0.267527	0.267527
0.030700	-16.417857	-24.000733	29.078879	0.030700	0.000000	-0.312080	0.312080
0.030800	-16.293269	-24.079350	29.073797	0.030800	0.000000	-0.356585	0.356585
0.030900	-16.167946	-24.156727	29.068023	0.030900	0.000000	-0.401037	0.401037
0.031000	-16.041899	-24.232851	29.061549	0.031000	0.000000	-0.445429	0.445429
0.031100	-15.915141	-24.307708	29.054369	0.031100	0.000000	-0.489752	0.489752
0.031200	-15.787684	-24.381281	29.046477	0.031200	0.000000	-0.534002	0.534002
0.031300	-15.659538	-24.453557	29.037865	0.031300	0.000000	-0.578169	0.578169
0.031400	-15.530716	-24.524520	29.028524	0.031400	0.000000	-0.622248	0.622248
0.031500	-15.401228	-24.594153	29.018445	0.031500	0.000000	-0.666230	0.666230
0.031600	-15.271085	-24.662440	29.007619	0.031600	0.000000	-0.710110	0.710110
0.031700	-15.140297	-24.729365	28.996036	0.031700	0.000000	-0.753878	0.753878
0.031800	-15.008876	-24.794910	28.983684	0.031800	0.000000	-0.797529	0.797529
0.031900	-14.876831	-24.859057	28.970551	0.031900	0.000000	-0.841053	0.841053
0.032000	-14.744173	-24.921789	28.956627	0.032000	0.000000	-0.884444	0.884444
0.032100	-14.610910	-24.983087	28.941896	0.032100	0.000000	-0.927693	0.927693
0.032200	-14.477054	-25.042933	28.926347	0.032200	0.000000	-0.970793	0.970793
0.032300	-14.342612	-25.101305	28.909965	0.032300	0.000000	-1.013735	1.013735
0.032400	-14.207596	-25.158186	28.892734	0.032400	0.000000	-1.056512	1.056512
0.032500	-14.072012	-25.213555	28.874641	0.032500	0.000000	-1.099115	1.099115
0.032600	-13.935871	-25.267391	28.855668	0.032600	0.000000	-1.141535	1.141535
0.032700	-13.799182	-25.319673	28.835798	0.032700	0.000000	-1.183764	1.183764
0.032800	-13.661952	-25.370380	28.815016	0.032800	0.000000	-1.225793	1.225793
0.032900	-13.524190	-25.419491	28.793302	0.032900	0.000000	-1.267613	1.267613
0.033000	-13.385904	-25.466982	28.770638	0.033000	0.000000	-1.309216	1.309216
0.033100	-13.247103	-25.512831	28.747005	0.033100	0.000000	-1.350591	1.350591
0.033200	-13.107795	-25.557015	28.722383	0.033200	0.000000	-1.391730	1.391730
0.033300	-12.967987	-25.599511	28.696753	0.033300	0.000000	-1.432622	1.432622
0.033400	-12.827686	-25.640294	28.670093	0.033400	0.000000	-1.473259	1.473259
0.033500	-12.686901	-25.679341	28.642382	0.033500	0.000000	-1.513631	1.513631
0.033600	-12.545639	-25.716627	28.613597	0.033600	0.000000	-1.553726	1.553726
0.033700	-12.403907	-25.752126	28.583717	0.033700	0.000000	-1.593535	1.593535
0.033800	-12.261712	-25.785813	28.552719	0.033800	0.000000	-1.633048	1.633048
0.033900	-12.119062	-25.817663	28.520578	0.033900	0.000000	-1.672254	1.672254
0.034000	-11.975962	-25.847648	28.487270	0.034000	0.000000	-1.711143	1.711143
0.034100	-11.832420	-25.875743	28.452772	0.034100	0.000000	-1.749702	1.749702
0.034200	-11.688443	-25.901920	28.417057	0.034200	0.000000	-1.787922	1.787922
0.034300	-11.544037	-25.926152	28.380101	0.034300	0.000000	-1.825790	1.825790
0.034400	-11.399209	-25.948410	28.341876	0.034400	0.000000	-1.863296	1.863296
0.034500	-11.253964	-25.968668	28.302357	0.034500	0.000000	-1.900427	1.900427
0.034600	-11.108309	-25.986897	28.261517	0.034600	0.000000	-1.937173	1.937173
0.034700	-10.962251	-26.003067	28.219327	0.034700	0.000000	-1.973520	1.973520
0.034800	-10.815795	-26.017150	28.175761	0.034800	0.000000	-2.009456	2.009456
0.034900	-10.668947	-26.029115	28.130789	0.034900	0.000000	-2.044970	2.044970
0.035000	-10.521713	-26.038934	28.084383	0.035000	0.000000	-2.080048	2.080048
0.035100	-10.374100	-26.046576	28.036513	0.035100	0.000000	-2.114678	2.114678
0.035200	-10.226111	-26.052011	27.987151	0.035200	0.000000	-2.148847	2.148847
0.035300	-10.077755	-26.055208	27.936267	0.035300	0.000000	-2.182542	2.182542
0.035400	-9.929034	-26.056136	27.883830	0.035400	0.000000	-2.215750	2.215750
0.035500	-9.779956	-26.054764	27.829809	0.035500	0.000000	-2.248457	2.248457
0.035600	-9.630526	-26.051060	27.774174	0.035600	0.000000	-2.280649	2.280649
0.035700	-9.480749	-26.044992	27.716894	0.035700	0.000000	-2.312314	2.312314
0.035800	-9.330630	-26.036529	27.657938	0.035800	0.000000	-2.343436	2.343436
0.035900	-9.180174	-26.025639	27.597273	0.035900	0.000000	-2.374003	2.374003
0.036000	-9.029387	-26.012288	27.534868	0.036000	0.000000	-2.403999	2.403999
0.036100	-8.878273	-25.996445	27.470691	0.036100	0.000000	-2.433412	2.433412
0.036200	-8.726838	-25.978076	27.404710	0.036200	0.000000	-2.462225	2.462225
0.036300	-8.575086	-25.957149	27.336892	0.036300	0.000000	-2.490426	2.490426
0.036400	-8.423023	-25.933630	27.267205	0.036400	0.000000	-2.517998	2.517998
0.036500	-8.270653	-25.907486	27.195616	0.036500	0.000000	-2.544929	2.544929
0.036600	-8.117981	-25.878685	27.122093	0.036600	0.000000	-2.571201	2.571201
0.036700	-7.965011	-25.847192	27.046603	0.036700	0.000000	-2.596802	2.596802
0.036800	-7.811748	-25.812974	26.969113	0.036800	0.000000	-2.621715	2.621715
0.036900	-7.658197	-25.775998	26.889590	0.036900	0.000000	-2.645926	2.645926
0.037000	-7.504363	-25.736229	26.808002	0.037000	0.000000	-2.669420	2.669420
0.037100	-7.350249	-25.693635	26.724315	0.037100	0.000000	-2.692182	2.692182
0.037200	-7.195861	-25.648181	26.638499	0.037200	0.000000	-2.714196	2.714196
0.037300	-7.041202	-25.599835	26.550519	0.037300	0.000000	-2.735447	2.735447
0.037400	-6.886276	-25.548562	26.460344	0.037400	0.000000	-2.755920	2.755920
0.037500	-6.731089	-25.494329	26.367943	0.037500	0.000000	-2.775600	2.775600
0.037600	-6.575645	-25.437103	26.273282	0.037600	0.000000	-2.794471	2.794471
0.037700	-6.419947	-25.376851	26.176330	0.037700	0.000000	-2.812519	2.812519
0.037800	-6.263999	-25.313539	26.077057	0.037800	0.000000	-2.829729	2.829729
0.037900	-6.107806	-25.247134	25.975432	0.037900	0.000000	-2.846084	2.846084
0.038000	-5.951372	-25.177603	25.871423	0.038000	0.000000	-2.861571	2.861571
0.038100	-5.794701	-25.104915	25.765002	0.038100	0.000000	-2.876175	2.876175
0.038200	-5.637796	-25.029037	25.656138	0.038200	0.000000	-2.889879	2.889879
0.038300	-5.480661	-24.949936	25.544803	0.038300	0.000000	-2.902671	2.902671
0.038400	-5.323300	-24.867581	25.430967	0.038400	0.000000	-2.914535	2.914535
0.038500	-5.165718	-24.781940	25.314605	0.038500	0.000000	-2.925456	2.925456
0.038600	-5.007917	-24.692983	25.195687	0.038600	0.000000	-2.935421	2.935421
0.038700	-4.849901	-24.600678	25.074188	0.038700	0.000000	-2.944415	2.944415
0.038800	-4.691674	-24.504996	24.950083	0.038800	0.000000	-2.952425	2.952425
0.038900	-4.533240	-24.405906	24.823346	0.038900	0.000000	-2.959436	2.959436
0.039000	-4.374601	-24.303378	24.693953	0.039000	0.000000	-2.965436	2.965436
0.039100	-4.215762	-24.197385	24.561883	0.039100	0.000000	-2.970410	2.970410
0.039200	-4.056725	-24.087897	24.427112	0.039200	0.000000	-2.974346	2.974346
0.039300	-3.897494	-23.974887	24.289620	0.039300	0.000000	-2.977232	2.977232
0.039400	-3.738072	-23.858327	24.149388	0.039400	0.000000	-2.979054	2.979054
0.039500	-3.578462	-23.738190	24.006397	0.039500	0.000000	-2.979801	2.979801
0.039600	-3.418668	-23.614452	23.860629	0.039600	0.000000	-2.979461	2.979461
0.039700	-3.258692	-23.487085	23.712069	0.039700	0.000000	-2.978022	2.978022
0.039800	-3.098538	-23.356066	23.560703	0.039800	0.000000	-2.975473	2.975473
0.039900	-2.938208	-23.221370	23.406518	0.039900	0.000000	-2.971805	2.971805
0.040000	-2.777705	-23.082975	23.249503	0.040000	0.000000	-2.967005	2.967005
0.040100	-2.617032	-22.940857	23.089647	0.040100	0.000000	-2.961065	2.961065
0.040200	-2.456192	-22.794996	22.926943	0.040200	0.000000	-2.953976	2.953976
0.040300	-2.295188	-22.645371	22.761386	0.040300	0.000000	-2.945727	2.945727
0.040400	-2.134021	-22.491961	22.592972	0.040400	0.000000	-2.936312	2.936312
0.040500	-1.972695	-22.334749	22.421698	0.040500	0.000000	-2.925721	2.925721
0.040600	-1.811211	-22.173715	22.247565	0.040600	0.000000	-2.913947	2.913947
0.040700	-1.649573	-22.008844	22.070576	0.040700	0.000000	-2.900984	2.900984
0.040800	-1.487783	-21.840119	21.890735	0.040800	0.000000	-2.886825	2.886825
0.040900	-1.325843	-21.667525	21.708051	0.040900	0.000000	-2.871464	2.871464
0.041000	-1.163754	-21.491048	21.522534	0.041000	0.000000	-2.854896	2.854896
0.041100	-1.001520	-21.310676	21.334197	0.041100	0.000000	-2.837117	2.837117
0.041200	-0.839142	-21.126398	21.143056	0.041200	0.000000	-2.818122	2.818122
0.041300	-0.676622	-20.938201	20.949131	0.041300	0.000000	-2.797909	2.797909
0.041400	-0.513962	-20.746079	20.752444	0.041400	0.000000	-2.776473	2.776473
0.041500	-0.351164	-20.550022	20.553022	0.041500	0.000000	-2.753815	2.753815
0.041600	-0.188229	-20.350023	20.350894	0.041600	0.000000	-2.729931	2.729931
0.041700	-0.025160	-20.146078	20.146094	0.041700	0.000000	-2.704822	2.704822
0.041800	0.138043	-19.938182	19.938660	0.041800	0.000000	-2.678487	2.678487
0.041900	0.301377	-19.726332	19.728634	0.041900	0.000000	-2.650928	2.650928
0.042000	0.464841	-19.510526	19.516063	0.042000	0.000000	-2.622146	2.622146
0.042100	0.628434	-19.290766	19.300999	0.042100	0.000000	-2.592144	2.592144
0.042200	0.792154	-19.067051	19.083499	0.042200	0.000000	-2.560923	2.560923
0.042300	0.956001	-18.839384	18.863625	0.042300	0.000000	-2.528489	2.528489
0.042400	1.119972	-18.607770	18.641445	0.042400	0.000000	-2.494847	2.494847
0.042500	1.284067	-18.372215	18.417033	0.042500	0.000000	-2.460000	2.460000
0.042600	1.448285	-18.132725	18.190471	0.042600	0.000000	-2.423957	2.423957
0.042700	1.612624	-17.889309	17.961847	0.042700	0.000000	-2.386723	2.386723
0.042800	1.777084	-17.641977	17.731255	0.042800	0.000000	-2.348308	2.348308
0.042900	1.941664	-17.390741	17.498798	0.042900	0.000000	-2.308719	2.308719
0.043000	2.106362	-17.135615	17.264590	0.043000	0.000000	-2.267966	2.267966
0.043100	2.271178	-16.876612	17.028749	0.043100	0.000000	-2.226060	2.226060
0.043200	2.436111	-16.613750	16.791406	0.043200	0.000000	-2.183013	2.183013
0.043300	2.601160	-16.347046	16.552702	0.043300	0.000000	-2.138836	2.138836
0.043400	2.766324	-16.076520	16.312788	0.043400	0.000000	-2.093542	2.093542
0.043500	2.931603	-15.802194	16.071827	0.043500	0.000000	-2.047146	2.047146
0.043600	3.096996	-15.524090	15.829996	0.043600	0.000000	-1.999663	1.999663
0.043700	3.262503	-15.242233	15.587482	0.043700	0.000000	-1.951107	1.951107
0.043800	3.428121	-14.956649	15.344490	0.043800	0.000000	-1.901496	1.901496
0.043900	3.593851	-14.667367	15.101239	0.043900	0.000000	-1.850847	1.850847
0.044000	3.759693	-14.374414	14.857963	0.044000	0.000000	-1.799179	1.799179
0.044100	3.925644	-14.077824	14.614917	0.044100	0.000000	-1.746510	1.746510
0.044200	4.091705	-13.777628	14.372373	0.044200	0.000000	-1.692861	1.692861
0.044300	4.257875	-13.473862	14.130622	0.044300	0.000000	-1.638252	1.638252
0.044400	4.424153	-13.166561	13.889977	0.044400	0.000000	-1.582706	1.582706
0.044500	4.590538	-12.855764	13.650777	0.044500	0.000000	-1.526244	1.526244
0.044600	4.757030	-12.541510	13.413382	0.044600	0.000000	-1.468891	1.468891
0.044700	4.923626	-12.223840	13.178178	0.044700	0.000000	-1.410671	1.410671
0.044800	5.090327	-11.902798	12.945580	0.044800	0.000000	-1.351608	1.351608
0.044900	5.257132	-11.578427	12.716030	0.044900	0.000000	-1.291729	1.291729
0.045000	5.424038	-11.250775	12.490001	0.045000	0.000000	-1.231060	1.231060
0.045100	5.591046	-10.919888	12.267997	0.045100	0.000000	-1.169629	1.169629
0.045200	5.758153	-10.585817	12.050554	0.045200	0.000000	-1.107464	1.107464
0.045300	5.925359	-10.248612	11.838240	0.045300	0.000000	-1.044595	1.044595
0.045400	6.092661	-9.908327	11.631658	0.045400	0.000000	-0.981050	0.981050
0.045500	6.260058	-9.565015	11.431441	0.045500	0.000000	-0.916860	0.916860
0.045600	6.427549	-9.218732	11.238256	0.045600	0.000000	-0.852057	0.852057
0.045700	6.595131	-8.869535	11.052801	0.045700	0.000000	-0.786672	0.786672
0.045800	6.762803	-8.517484	10.875801	0.045800	0.000000	-0.720738	0.720738
0.045900	6.930561	-8.162639	10.708005	0.045900	0.000000	-0.654288	0.654288
0.046000	7.098405	-7.805062	10.550182	0.046000	0.000000	-0.587356	0.587356
0.046100	7.266330	-7.444816	10.403117	0.046100	0.000000	-0.519976	0.519976
0.046200	7.434336	-7.081966	10.267599	0.046200	0.000000	-0.452184	0.452184
0.046300	7.602417	-6.716577	10.144415	0.046300	0.000000	-0.384014	0.384014
0.046400	7.770572	-6.348719	10.034342	0.046400	0.000000	-0.315503	0.315503
0.046500	7.938797	-5.978459	9.938132	0.046500	0.000000	-0.246688	0.246688
0.046600	8.107088	-5.605867	9.856502	0.046600	0.000000	-0.177605	0.177605
0.046700	8.275441	-5.231017	9.790121	0.046700	0.000000	-0.108292	0.108292
0.046800	8.443853	-4.853979	9.739598	0.046800	0.000000	-0.038787	0.038787
0.046900	8.612319	-4.474828	9.705469	0.046900	0.000000	0.030872	0.030872
0.047000	8.780834	-4.093641	9.688186	0.047000	0.000000	0.100645	0.100645
0.047100	8.949393	-3.710492	9.688106	0.047100	0.000000	0.170494	0.170494
0.047200	9.117992	-3.325459	9.705486	0.047200	0.000000	0.240380	0.240380
0.047300	9.286624	-2.938621	9.740476	0.047300	0.000000	0.310262	0.310262
0.047400	9.455283	-2.550059	9.793119	0.047400	0.000000	0.380101	0.380101
0.047500	9.623964	-2.159852	9.863348	0.047500	0.000000	0.449857	0.449857
0.047600	9.792660	-1.768082	9.950995	0.047600	0.000000	0.519489	0.519489
0.047700	9.961363	-1.374832	10.055790	0.047700	0.000000	0.588956	0.588956
0.047800	10.130067	-0.980185	10.177378	0.047800	0.000000	0.658219	0.658219
0.047900	10.298765	-0.584226	10.315322	0.047900	0.000000	0.727236	0.727236
0.048000	10.467447	-0.187041	10.469118	0.048000	0.000000	0.795967	0.795967
0.048100	10.636106	0.211286	10.638205	0.048100	0.000000	0.864370	0.864370
0.048200	10.804733	0.610666	10.821976	0.048200	0.000000	0.932405	0.932405
0.048300	10.973318	1.011013	11.019794	0.048300	0.000000	1.000030	1.000030
0.048400	11.141853	1.412239	11.230997	0.048400	0.000000	1.067206	1.067206
0.048500	11.310326	1.814255	11.454911	0.048500	0.000000	1.133892	1.133892
0.048600	11.478728	2.216971	11.690858	0.048600	0.000000	1.200046	1.200046
0.048700	11.647047	2.620298	11.938160	0.048700	0.000000	1.265629	1.265629
0.048800	11.815272	3.024145	12.196151	0.048800	0.000000	1.330600	1.330600
0.048900	11.983391	3.428422	12.464178	0.048900	0.000000	1.394919	1.394919
0.049000	12.151392	3.833037	12.741605	0.049000	0.000000	1.458547	1.458547
0.049100	12.319262	4.237900	13.027817	0.049100	0.000000	1.521444	1.521444
0.049200	12.486988	4.642918	13.322220	0.049200	0.000000	1.583571	1.583571
0.049300	12.654556	5.047999	13.624246	0.049300	0.000000	1.644890	1.644890
0.049400	12.821951	5.453051	13.933348	0.049400	0.000000	1.705361	1.705361
0.049500	12.989159	5.857982	14.249007	0.049500	0.000000	1.764948	1.764948
0.049600	13.156164	6.262700	14.570726	0.049600	0.000000	1.823611	1.823611
0.049700	13.322951	6.667110	14.898033	0.049700	0.000000	1.881316	1.881316
0.049800	13.489503	7.071122	15.230478	0.049800	0.000000	1.938023	1.938023
0.049900	13.655804	7.474641	15.567635	0.049900	0.000000	1.993699	1.993699
0.050000	13.821836	7.877577	15.909097	0.050000	0.000000	2.048307	2.048307
0.050100	13.987580	8.279835	16.254479	0.050100	0.000000	2.101813	2.101813
0.050200	14.153020	8.681325	16.603414	0.050200	0.000000	2.154181	2.154181
0.050300	14.318134	9.081953	16.955555	0.050300	0.000000	2.205380	2.205380
0.050400	14.482905	9.481627	17.310569	0.050400	0.000000	2.255375	2.255375
0.050500	14.647311	9.880257	17.668141	0.050500	0.000000	2.304134	2.304134
0.050600	14.811333	10.277750	18.027971	0.050600	0.000000	2.351627	2.351627
0.050700	14.974949	10.674016	18.389772	0.050700	0.000000	2.397821	2.397821
0.050800	15.138136	11.068964	18.753270	0.050800	0.000000	2.442688	2.442688
0.050900	15.300874	11.462503	19.118204	0.050900	0.000000	2.486197	2.486197
0.051000	15.463138	11.854544	19.484324	0.051000	0.000000	2.528322	2.528322
0.051100	15.624906	12.244998	19.851390	0.051100	0.000000	2.569033	2.569033
0.051200	15.786154	12.633776	20.219173	0.051200	0.000000	2.608304	2.608304
0.051300	15.946857	13.020790	20.587453	0.051300	0.000000	2.646111	2.646111
0.051400	16.106989	13.405952	20.956017	0.051400	0.000000	2.682426	2.682426
0.051500	16.266527	13.789175	21.324662	0.051500	0.000000	2.717227	2.717227
0.051600	16.425442	14.170373	21.693193	0.051600	0.000000	2.750491	2.750491
0.051700	16.583709	14.549461	22.061419	0.051700	0.000000	2.782195	2.782195
0.051800	16.741300	14.926354	22.429159	0.051800	0.000000	2.812319	2.812319
0.051900	16.898188	15.300967	22.796235	0.051900	0.000000	2.840841	2.840841
0.052000	17.054343	15.673219	23.162479	0.052000	0.000000	2.867743	2.867743
0.052100	17.209739	16.043026	23.527724	0.052100	0.000000	2.893007	2.893007
0.052200	17.364344	16.410307	23.891811	0.052200	0.000000	2.916616	2.916616
0.052300	17.518130	16.774982	24.254585	0.052300	0.000000	2.938553	2.938553
0.052400	17.671066	17.136971	24.615896	0.052400	0.000000	2.958804	2.958804
0.052500	17.823121	17.496195	24.975597	0.052500	0.000000	2.977354	2.977354
0.052600	17.974263	17.852577	25.333547	0.052600	0.000000	2.994191	2.994191
0.052700	18.124461	18.206040	25.689608	0.052700	0.000000	3.009303	3.009303
0.052800	18.273683	18.556508	26.043646	0.052800	0.000000	3.022678	3.022678
0.052900	18.421896	18.903908	26.395530	0.052900	0.000000	3.034308	3.034308
0.053000	18.569067	19.248165	26.745133	0.053000	0.000000	3.044183	3.044183
0.053100	18.715162	19.589208	27.092330	0.053100	0.000000	3.052297	3.052297
0.053200	18.860146	19.926965	27.437001	0.053200	0.000000	3.058642	3.058642
0.053300	19.003986	20.261366	27.779028	0.053300	0.000000	3.063215	3.063215
0.053400	19.146646	20.592342	28.118296	0.053400	0.000000	3.066009	3.066009
0.053500	19.288091	20.919826	28.454693	0.053500	0.000000	3.067023	3.067023
0.053600	19.428285	21.243751	28.788109	0.053600	0.000000	3.066254	3.066254
0.053700	19.567192	21.564052	29.118437	0.053700	0.000000	3.063702	3.063702
0.053800	19.704776	21.880665	29.445572	0.053800	0.000000	3.059367	3.059367
0.053900	19.841000	22.193528	29.769413	0.053900	0.000000	3.053250	3.053250
0.054000	19.975826	22.502578	30.089859	0.054000	0.000000	3.045354	3.045354
0.054100	20.109216	22.807756	30.406813	0.054100	0.000000	3.035682	3.035682
0.054200	20.241134	23.109002	30.720180	0.054200	0.000000	3.024240	3.024240
0.054300	20.371540	23.406260	31.029867	0.054300	0.000000	3.011033	3.011033
0.054400	20.500396	23.699474	31.335783	0.054400	0.000000	2.996068	2.996068
0.054500	20.627664	23.988587	31.637839	0.054500	0.000000	2.979353	2.979353
0.054600	20.753304	24.273547	31.935947	0.054600	0.000000	2.960896	2.960896
0.054700	20.877277	24.554302	32.230024	0.054700	0.000000	2.940710	2.940710
0.054800	20.999543	24.830800	32.519985	0.054800	0.000000	2.918803	2.918803
0.054900	21.120063	25.102992	32.805751	0.054900	0.000000	2.895190	2.895190
0.055000	21.238797	25.370831	33.087242	0.055000	0.000000	2.869882	2.869882
0.055100	21.355704	25.634270	33.364381	0.055100	0.000000	2.842895	2.842895
0.055200	21.470744	25.893263	33.637091	0.055200	0.000000	2.814244	2.814244
0.055300	21.583877	26.147766	33.905301	0.055300	0.000000	2.783945	2.783945
0.055400	21.695062	26.397737	34.168937	0.055400	0.000000	2.752016	2.752016
0.055500	21.804257	26.643135	34.427929	0.055500	0.000000	2.718476	2.718476
0.055600	21.911423	26.883921	34.682210	0.055600	0.000000	2.683342	2.683342
0.055700	22.016518	27.120055	34.931711	0.055700	0.000000	2.646637	2.646637
0.055800	22.119502	27.351502	35.176370	0.055800	0.000000	2.608381	2.608381
0.055900	22.220332	27.578225	35.416121	0.055900	0.000000	2.568597	2.568597
0.056000	22.318968	27.800191	35.650904	0.056000	0.000000	2.527307	2.527307
0.056100	22.415368	28.017367	35.880658	0.056100	0.000000	2.484536	2.484536
0.056200	22.509492	28.229723	36.105325	0.056200	0.000000	2.440309	2.440309
0.056300	22.601299	28.437227	36.324848	0.056300	0.000000	2.394651	2.394651
0.056400	22.690746	28.639852	36.539172	0.056400	0.000000	2.347589	2.347589
0.056500	22.777793	28.837571	36.748243	0.056500	0.000000	2.299152	2.299152
0.056600	22.862399	29.030359	36.952010	0.056600	0.000000	2.249366	2.249366
0.056700	22.944523	29.218190	37.150421	0.056700	0.000000	2.198262	2.198262
0.056800	23.024124	29.401043	37.343428	0.056800	0.000000	2.145869	2.145869
0.056900	23.101162	29.578896	37.530984	0.056900	0.000000	2.092219	2.092219
0.057000	23.175595	29.751729	37.713043	0.057000	0.000000	2.037341	2.037341
0.057100	23.247384	29.919524	37.889560	0.057100	0.000000	1.981270	1.981270
0.057200	23.316488	30.082262	38.060493	0.057200	0.000000	1.924036	1.924036
0.057300	23.382867	30.239929	38.225800	0.057300	0.000000	1.865675	1.865675
0.057400	23.446481	30.392510	38.385442	0.057400	0.000000	1.806221	1.806221
0.057500	23.507291	30.539992	38.539381	0.057500	0.000000	1.745707	1.745707
0.057600	23.565258	30.682362	38.687579	0.057600	0.000000	1.684170	1.684170
0.057700	23.620342	30.819611	38.830001	0.057700	0.000000	1.621646	1.621646
0.057800	23.672505	30.951730	38.966615	0.057800	0.000000	1.558172	1.558172
0.057900	23.721708	31.078710	39.097386	0.057900	0.000000	1.493784	1.493784
0.058000	23.767913	31.200545	39.222286	0.058000	0.000000	1.428521	1.428521
0.058100	23.811083	31.317230	39.341283	0.058100	0.000000	1.362421	1.362421
0.058200	23.851180	31.428761	39.454351	0.058200	0.000000	1.295522	1.295522
0.058300	23.888167	31.535135	39.561462	0.058300	0.000000	1.227864	1.227864
0.058400	23.922008	31.636352	39.662592	0.058400	0.000000	1.159487	1.159487
0.058500	23.952667	31.732411	39.757718	0.058500	0.000000	1.090430	1.090430
0.058600	23.980108	31.823313	39.846816	0.058600	0.000000	1.020734	1.020734
0.058700	24.004295	31.909060	39.929868	0.058700	0.000000	0.950441	0.950441
0.058800	24.025196	31.989657	40.006852	0.058800	0.000000	0.879590	0.879590
0.058900	24.042774	32.065109	40.077752	0.058900	0.000000	0.808224	0.808224
0.059000	24.056997	32.135421	40.142551	0.059000	0.000000	0.736384	0.736384
0.059100	24.067832	32.200600	40.201234	0.059100	0.000000	0.664114	0.664114
0.059200	24.075246	32.260656	40.253787	0.059200	0.000000	0.591454	0.591454
0.059300	24.079207	32.315598	40.300199	0.059300	0.000000	0.518447	0.518447
0.059400	24.079685	32.365436	40.340459	0.059400	0.000000	0.445137	0.445137
0.059500	24.076648	32.410183	40.374558	0.059500	0.000000	0.371567	0.371567
0.059600	24.070067	32.449852	40.402488	0.059600	0.000000	0.297778	0.297778
0.059700	24.059913	32.484456	40.424242	0.059700	0.000000	0.223815	0.223815
0.059800	24.046156	32.514013	40.439815	0.059800	0.000000	0.149721	0.149721
0.059900	24.028770	32.538536	40.449204	0.059900	0.000000	0.075540	0.075540
0.060000	24.007726	32.558046	40.452407	0.060000	0.000000	0.001314	0.001314
0.060100	23.983000	32.572559	40.449423	0.060100	0.000000	-0.072913	0.072913
0.060200	23.954564	32.582095	40.440253	0.060200	0.000000	-0.147097	0.147097
0.060300	23.922395	32.586675	40.424898	0.060300	0.000000	-0.221195	0.221195
0.060400	23.886468	32.586322	40.403363	0.060400	0.000000	-0.295163	0.295163
0.060500	23.846761	32.581057	40.375652	0.060500	0.000000	-0.368959	0.368959
0.060600	23.803251	32.570904	40.341771	0.060600	0.000000	-0.442538	0.442538
0.060700	23.755917	32.555888	40.301729	0.060700	0.000000	-0.515858	0.515858
0.060800	23.704737	32.536034	40.255535	0.060800	0.000000	-0.588876	0.588876
0.060900	23.649694	32.511369	40.203198	0.060900	0.000000	-0.661548	0.661548
0.061000	23.590767	32.481921	40.144732	0.061000	0.000000	-0.733834	0.733834
0.061100	23.527939	32.447718	40.080149	0.061100	0.000000	-0.805689	0.805689
0.061200	23.461194	32.408790	40.009465	0.061200	0.000000	-0.877073	0.877073
0.061300	23.390516	32.365166	39.932696	0.061300	0.000000	-0.947942	0.947942
0.061400	23.315889	32.316878	39.849859	0.061400	0.000000	-1.018256	1.018256
0.061500	23.237301	32.263957	39.760974	0.061500	0.000000	-1.087974	1.087974
0.061600	23.154737	32.206437	39.666062	0.061600	0.000000	-1.157054	1.157054
0.061700	23.068188	32.144351	39.565143	0.061700	0.000000	-1.225456	1.225456
0.061800	22.977641	32.077733	39.458243	0.061800	0.000000	-1.293140	1.293140
0.061900	22.883087	32.006620	39.345386	0.061900	0.000000	-1.360067	1.360067
0.062000	22.784519	31.931046	39.226598	0.062000	0.000000	-1.426196	1.426196
0.062100	22.681928	31.851048	39.101907	0.062100	0.000000	-1.491489	1.491489
0.062200	22.575308	31.766665	38.971343	0.062200	0.000000	-1.555909	1.555909
0.062300	22.464655	31.677934	38.834936	0.062300	0.000000	-1.619416	1.619416
0.062400	22.349963	31.584895	38.692718	0.062400	0.000000	-1.681974	1.681974
0.062500	22.231232	31.487586	38.544724	0.062500	0.000000	-1.743546	1.743546
0.062600	22.108458	31.386049	38.390988	0.062600	0.000000	-1.804097	1.804097
0.062700	21.981641	31.280324	38.231547	0.062700	0.000000	-1.863590	1.863590
0.062800	21.850783	31.170452	38.066440	0.062800	0.000000	-1.921990	1.921990
0.062900	21.715885	31.056478	37.895705	0.062900	0.000000	-1.979264	1.979264
0.063000	21.576951	30.938442	37.719385	0.063000	0.000000	-2.035377	2.035377
0.063100	21.433984	30.816389	37.537522	0.063100	0.000000	-2.090297	2.090297
0.063200	21.286992	30.690363	37.350160	0.063200	0.000000	-2.143992	2.143992
0.063300	21.135981	30.560409	37.157344	0.063300	0.000000	-2.196430	2.196430
0.063400	20.980958	30.426571	36.959124	0.063400	0.000000	-2.247580	2.247580
0.063500	20.821935	30.288895	36.755546	0.063500	0.000000	-2.297413	2.297413
