SliderCrank
12:54:53  3/30/2022
Force of Motor 17				Force of Slot Joint 13
t	Fx	Fy	|F|	t	Fx	Fy	|F|
0.000000	0.200388	-25.714986	25.715767	0.000000	0.000000	27.048288	27.048288
0.000100	-30.681472	0.074360	30.681562	0.000100	0.000000	-0.074206	0.074206
0.000200	-30.673778	0.148635	30.674138	0.000200	0.000000	-0.148547	0.148547
0.000300	-30.660946	0.222823	30.661756	0.000300	0.000000	-0.222800	0.222800
0.000400	-30.642981	0.296881	30.644419	0.000400	0.000000	-0.296922	0.296922
0.000500	-30.619887	0.370764	30.622131	0.000500	0.000000	-0.370871	0.370871
0.000600	-30.591668	0.444430	30.594896	0.000600	0.000000	-0.444602	0.444602
0.000700	-30.558331	0.517836	30.562718	0.000700	0.000000	-0.518073	0.518073
0.000800	-30.519884	0.590939	30.525605	0.000800	0.000000	-0.591240	0.591240
0.000900	-30.476337	0.663695	30.483562	0.000900	0.000000	-0.664061	0.664061
0.001000	-30.427698	0.736062	30.436599	0.001000	0.000000	-0.736493	0.736493
0.001100	-30.373979	0.807997	30.384724	0.001100	0.000000	-0.808494	0.808494
0.001200	-30.315193	0.879459	30.327948	0.001200	0.000000	-0.880020	0.880020
0.001300	-30.251354	0.950405	30.266280	0.001300	0.000000	-0.951031	0.951031
0.001400	-30.182476	1.020795	30.199733	0.001400	0.000000	-1.021485	1.021485
0.001500	-30.108575	1.090585	30.128320	0.001500	0.000000	-1.091341	1.091341
0.001600	-30.029669	1.159737	30.052055	0.001600	0.000000	-1.160557	1.160557
0.001700	-29.945775	1.228208	29.970951	0.001700	0.000000	-1.229093	1.229093
0.001800	-29.856913	1.295959	29.885026	0.001800	0.000000	-1.296908	1.296908
0.001900	-29.763105	1.362951	29.794295	0.001900	0.000000	-1.363964	1.363964
0.002000	-29.664371	1.429143	29.698777	0.002000	0.000000	-1.430220	1.430220
0.002100	-29.560735	1.494496	29.598489	0.002100	0.000000	-1.495638	1.495638
0.002200	-29.452221	1.558974	29.493452	0.002200	0.000000	-1.560179	1.560179
0.002300	-29.338854	1.622537	29.383685	0.002300	0.000000	-1.623806	1.623806
0.002400	-29.220661	1.685148	29.269211	0.002400	0.000000	-1.686481	1.686481
0.002500	-29.097669	1.746771	29.150052	0.002500	0.000000	-1.748167	1.748167
0.002600	-28.969907	1.807370	29.026231	0.002600	0.000000	-1.808829	1.808829
0.002700	-28.837404	1.866908	28.897772	0.002700	0.000000	-1.868430	1.868430
0.002800	-28.700193	1.925351	28.764702	0.002800	0.000000	-1.926936	1.926936
0.002900	-28.558305	1.982664	28.627045	0.002900	0.000000	-1.984313	1.984313
0.003000	-28.411773	2.038815	28.484831	0.003000	0.000000	-2.040525	2.040525
0.003100	-28.260631	2.093769	28.338086	0.003100	0.000000	-2.095542	2.095542
0.003200	-28.104915	2.147495	28.186841	0.003200	0.000000	-2.149330	2.149330
0.003300	-27.944662	2.199960	28.031125	0.003300	0.000000	-2.201858	2.201858
0.003400	-27.779909	2.251136	27.870970	0.003400	0.000000	-2.253095	2.253095
0.003500	-27.610695	2.300990	27.706408	0.003500	0.000000	-2.303011	2.303011
0.003600	-27.437060	2.349495	27.537472	0.003600	0.000000	-2.351577	2.351577
0.003700	-27.259044	2.396621	27.364197	0.003700	0.000000	-2.398764	2.398764
0.003800	-27.076690	2.442341	27.186617	0.003800	0.000000	-2.444545	2.444545
0.003900	-26.890040	2.486628	27.004769	0.003900	0.000000	-2.488893	2.488893
0.004000	-26.699138	2.529457	26.818690	0.004000	0.000000	-2.531782	2.531782
0.004100	-26.504031	2.570802	26.628418	0.004100	0.000000	-2.573187	2.573187
0.004200	-26.304763	2.610639	26.433993	0.004200	0.000000	-2.613084	2.613084
0.004300	-26.101381	2.648944	26.235453	0.004300	0.000000	-2.651450	2.651450
0.004400	-25.893935	2.685697	26.032842	0.004400	0.000000	-2.688262	2.688262
0.004500	-25.682473	2.720875	25.826199	0.004500	0.000000	-2.723499	2.723499
0.004600	-25.467045	2.754457	25.615570	0.004600	0.000000	-2.757140	2.757140
0.004700	-25.247702	2.786425	25.400996	0.004700	0.000000	-2.789166	2.789166
0.004800	-25.024496	2.816759	25.182525	0.004800	0.000000	-2.819559	2.819559
0.004900	-24.797481	2.845443	24.960201	0.004900	0.000000	-2.848301	2.848301
0.005000	-24.566710	2.872460	24.734071	0.005000	0.000000	-2.875375	2.875375
0.005100	-24.332239	2.897795	24.504184	0.005100	0.000000	-2.900767	2.900767
0.005200	-24.094122	2.921432	24.270588	0.005200	0.000000	-2.924461	2.924461
0.005300	-23.852416	2.943359	24.033334	0.005300	0.000000	-2.946445	2.946445
0.005400	-23.607180	2.963563	23.792471	0.005400	0.000000	-2.966705	2.966705
0.005500	-23.358472	2.982034	23.548052	0.005500	0.000000	-2.985232	2.985232
0.005600	-23.106350	2.998760	23.300129	0.005600	0.000000	-3.002013	3.002013
0.005700	-22.850876	3.013733	23.048755	0.005700	0.000000	-3.017042	3.017042
0.005800	-22.592110	3.026944	22.793986	0.005800	0.000000	-3.030308	3.030308
0.005900	-22.330114	3.038387	22.535877	0.005900	0.000000	-3.041805	3.041805
0.006000	-22.064950	3.048056	22.274484	0.006000	0.000000	-3.051529	3.051529
0.006100	-21.796682	3.055946	22.009865	0.006100	0.000000	-3.059472	3.059472
0.006200	-21.525374	3.062054	21.742077	0.006200	0.000000	-3.065633	3.065633
0.006300	-21.251091	3.066376	21.471179	0.006300	0.000000	-3.070008	3.070008
0.006400	-20.973898	3.068912	21.197232	0.006400	0.000000	-3.072597	3.072597
0.006500	-20.693863	3.069661	20.920295	0.006500	0.000000	-3.073398	3.073398
0.006600	-20.411051	3.068623	20.640432	0.006600	0.000000	-3.072412	3.072412
0.006700	-20.125530	3.065802	20.357704	0.006700	0.000000	-3.069642	3.069642
0.006800	-19.837370	3.061199	20.072174	0.006800	0.000000	-3.065090	3.065090
0.006900	-19.546638	3.054820	19.783907	0.006900	0.000000	-3.058761	3.058761
0.007000	-19.253404	3.046669	19.492967	0.007000	0.000000	-3.050660	3.050660
0.007100	-18.957739	3.036752	19.199420	0.007100	0.000000	-3.040793	3.040793
0.007200	-18.659714	3.025078	18.903333	0.007200	0.000000	-3.029168	3.029168
0.007300	-18.359398	3.011654	18.604772	0.007300	0.000000	-3.015793	3.015793
0.007400	-18.056865	2.996491	18.303806	0.007400	0.000000	-3.000678	3.000678
0.007500	-17.752186	2.979599	18.000503	0.007500	0.000000	-2.983834	2.983834
0.007600	-17.445434	2.960989	17.694933	0.007600	0.000000	-2.965272	2.965272
0.007700	-17.136683	2.940676	17.387164	0.007700	0.000000	-2.945006	2.945006
0.007800	-16.826006	2.918673	17.077269	0.007800	0.000000	-2.923049	2.923049
0.007900	-16.513477	2.894995	16.765319	0.007900	0.000000	-2.899417	2.899417
0.008000	-16.199170	2.869658	16.451384	0.008000	0.000000	-2.874125	2.874125
0.008100	-15.883160	2.842680	16.135538	0.008100	0.000000	-2.847192	2.847192
0.008200	-15.565522	2.814078	15.817854	0.008200	0.000000	-2.818634	2.818634
0.008300	-15.246332	2.783872	15.498406	0.008300	0.000000	-2.788472	2.788472
0.008400	-14.925665	2.752081	15.177267	0.008400	0.000000	-2.756725	2.756725
0.008500	-14.603596	2.718728	14.854512	0.008500	0.000000	-2.723415	2.723415
0.008600	-14.280203	2.683834	14.530216	0.008600	0.000000	-2.688563	2.688563
0.008700	-13.955561	2.647423	14.204455	0.008700	0.000000	-2.652194	2.652194
0.008800	-13.629747	2.609518	13.877304	0.008800	0.000000	-2.614330	2.614330
0.008900	-13.302836	2.570144	13.548841	0.008900	0.000000	-2.574997	2.574997
0.009000	-12.974907	2.529327	13.219142	0.009000	0.000000	-2.534221	2.534221
0.009100	-12.646035	2.487095	12.888283	0.009100	0.000000	-2.492028	2.492028
0.009200	-12.316297	2.443474	12.556342	0.009200	0.000000	-2.448447	2.448447
0.009300	-11.985770	2.398493	12.223398	0.009300	0.000000	-2.403504	2.403504
0.009400	-11.654531	2.352182	11.889527	0.009400	0.000000	-2.357231	2.357231
0.009500	-11.322656	2.304569	11.554807	0.009500	0.000000	-2.309657	2.309657
0.009600	-10.990222	2.255688	11.219318	0.009600	0.000000	-2.260812	2.260812
0.009700	-10.657305	2.205567	10.883138	0.009700	0.000000	-2.210728	2.210728
0.009800	-10.323982	2.154242	10.546344	0.009800	0.000000	-2.159438	2.159438
0.009900	-9.990329	2.101743	10.209016	0.009900	0.000000	-2.106974	2.106974
0.010000	-9.656422	2.048105	9.871232	0.010000	0.000000	-2.053371	2.053371
0.010100	-9.322337	1.993362	9.533072	0.010100	0.000000	-1.998662	1.998662
0.010200	-8.988148	1.937549	9.194613	0.010200	0.000000	-1.942883	1.942883
0.010300	-8.653932	1.880701	8.855934	0.010300	0.000000	-1.886069	1.886069
0.010400	-8.319762	1.822856	8.517115	0.010400	0.000000	-1.828256	1.828256
0.010500	-7.985714	1.764048	8.178233	0.010500	0.000000	-1.769480	1.769480
0.010600	-7.651862	1.704317	7.839368	0.010600	0.000000	-1.709780	1.709780
0.010700	-7.318279	1.643698	7.500596	0.010700	0.000000	-1.649191	1.649191
0.010800	-6.985038	1.582230	7.161997	0.010800	0.000000	-1.587754	1.587754
0.010900	-6.652212	1.519952	6.823648	0.010900	0.000000	-1.525505	1.525505
0.011000	-6.319873	1.456903	6.485627	0.011000	0.000000	-1.462485	1.462485
0.011100	-5.988093	1.393121	6.148012	0.011100	0.000000	-1.398731	1.398731
0.011200	-5.656943	1.328646	5.810878	0.011200	0.000000	-1.334284	1.334284
0.011300	-5.326494	1.263518	5.474305	0.011300	0.000000	-1.269183	1.269183
0.011400	-4.996814	1.197778	5.138368	0.011400	0.000000	-1.203469	1.203469
0.011500	-4.667974	1.131464	4.803144	0.011500	0.000000	-1.137181	1.137181
0.011600	-4.340041	1.064619	4.468710	0.011600	0.000000	-1.070361	1.070361
0.011700	-4.013084	0.997282	4.135144	0.011700	0.000000	-1.003049	1.003049
0.011800	-3.687169	0.929495	3.802523	0.011800	0.000000	-0.935285	0.935285
0.011900	-3.362363	0.861297	3.470925	0.011900	0.000000	-0.867111	0.867111
0.012000	-3.038731	0.792731	3.140431	0.012000	0.000000	-0.798567	0.798567
0.012100	-2.716336	0.723837	2.811125	0.012100	0.000000	-0.729695	0.729695
0.012200	-2.395244	0.654656	2.483097	0.012200	0.000000	-0.660535	0.660535
0.012300	-2.075517	0.585229	2.156447	0.012300	0.000000	-0.591129	0.591129
0.012400	-1.757216	0.515597	1.831296	0.012400	0.000000	-0.521517	0.521517
0.012500	-1.440402	0.445800	1.507811	0.012500	0.000000	-0.451739	0.451739
0.012600	-1.125135	0.375880	1.186261	0.012600	0.000000	-0.381838	0.381838
0.012700	-0.811475	0.305876	0.867209	0.012700	0.000000	-0.311852	0.311852
0.012800	-0.499478	0.235829	0.552353	0.012800	0.000000	-0.241823	0.241823
0.012900	-0.189203	0.165779	0.251556	0.012900	0.000000	-0.171790	0.171790
0.013000	0.119297	0.095766	0.152980	0.013000	0.000000	-0.101793	0.101793
0.013100	0.425965	0.025830	0.426747	0.013100	0.000000	-0.031872	0.031872
0.013200	0.730749	-0.043992	0.732071	0.013200	0.000000	0.037935	0.037935
0.013300	1.033595	-0.113659	1.039825	0.013300	0.000000	0.107588	0.107588
0.013400	1.334453	-0.183133	1.346961	0.013400	0.000000	0.177048	0.177048
0.013500	1.633273	-0.252376	1.652657	0.013500	0.000000	0.246279	0.246279
0.013600	1.930006	-0.321351	1.956576	0.013600	0.000000	0.315242	0.315242
0.013700	2.224604	-0.390020	2.258534	0.013700	0.000000	0.383900	0.383900
0.013800	2.517020	-0.458347	2.558412	0.013800	0.000000	0.452216	0.452216
0.013900	2.807210	-0.526296	2.856119	0.013900	0.000000	0.520154	0.520154
0.014000	3.095130	-0.593830	3.151581	0.014000	0.000000	0.587679	0.587679
0.014100	3.380736	-0.660915	3.444733	0.014100	0.000000	0.654756	0.654756
0.014200	3.663988	-0.727517	3.735517	0.014200	0.000000	0.721349	0.721349
0.014300	3.944846	-0.793601	4.023880	0.014300	0.000000	0.787425	0.787425
0.014400	4.223270	-0.859134	4.309770	0.014400	0.000000	0.852952	0.852952
0.014500	4.499223	-0.924083	4.593140	0.014500	0.000000	0.917895	0.917895
0.014600	4.772669	-0.988418	4.873945	0.014600	0.000000	0.982224	0.982224
0.014700	5.043573	-1.052105	5.152141	0.014700	0.000000	1.045907	1.045907
0.014800	5.311902	-1.115116	5.427687	0.014800	0.000000	1.108913	1.108913
0.014900	5.577624	-1.177419	5.700544	0.014900	0.000000	1.171213	1.171213
0.015000	5.840708	-1.238986	5.970675	0.015000	0.000000	1.232778	1.232778
0.015100	6.101124	-1.299789	6.238042	0.015100	0.000000	1.293579	1.293579
0.015200	6.358845	-1.359800	6.502612	0.015200	0.000000	1.353588	1.353588
0.015300	6.613844	-1.418992	6.764353	0.015300	0.000000	1.412780	1.412780
0.015400	6.866095	-1.477339	7.023232	0.015400	0.000000	1.471127	1.471127
0.015500	7.115574	-1.534817	7.279221	0.015500	0.000000	1.528605	1.528605
0.015600	7.362260	-1.591400	7.532293	0.015600	0.000000	1.585190	1.585190
0.015700	7.606131	-1.647066	7.782420	0.015700	0.000000	1.640858	1.640858
0.015800	7.847167	-1.701791	8.029578	0.015800	0.000000	1.695586	1.695586
0.015900	8.085349	-1.755554	8.273744	0.015900	0.000000	1.749352	1.749352
0.016000	8.320661	-1.808334	8.514897	0.016000	0.000000	1.802136	1.802136
0.016100	8.553086	-1.860111	8.753016	0.016100	0.000000	1.853918	1.853918
0.016200	8.782611	-1.910865	8.988085	0.016200	0.000000	1.904677	1.904677
0.016300	9.009222	-1.960578	9.220084	0.016300	0.000000	1.954397	1.954397
0.016400	9.232908	-2.009233	9.449000	0.016400	0.000000	2.003058	2.003058
0.016500	9.453658	-2.056813	9.674819	0.016500	0.000000	2.050646	2.050646
0.016600	9.671463	-2.103302	9.897529	0.016600	0.000000	2.097143	2.097143
0.016700	9.886315	-2.148686	10.117118	0.016700	0.000000	2.142536	2.142536
0.016800	10.098208	-2.192950	10.333578	0.016800	0.000000	2.186809	2.186809
0.016900	10.307136	-2.236081	10.546901	0.016900	0.000000	2.229951	2.229951
0.017000	10.513096	-2.278067	10.757081	0.017000	0.000000	2.271948	2.271948
0.017100	10.716085	-2.318897	10.964113	0.017100	0.000000	2.312790	2.312790
0.017200	10.916101	-2.358561	11.167993	0.017200	0.000000	2.352465	2.352465
0.017300	11.113145	-2.397047	11.368721	0.017300	0.000000	2.390965	2.390965
0.017400	11.307217	-2.434348	11.566296	0.017400	0.000000	2.428279	2.428279
0.017500	11.498319	-2.470456	11.760718	0.017500	0.000000	2.464402	2.464402
0.017600	11.686454	-2.505364	11.951990	0.017600	0.000000	2.499324	2.499324
0.017700	11.871628	-2.539065	12.140116	0.017700	0.000000	2.533040	2.533040
0.017800	12.053846	-2.571553	12.325100	0.017800	0.000000	2.565545	2.565545
0.017900	12.233114	-2.602824	12.506949	0.017900	0.000000	2.596833	2.596833
0.018000	12.409441	-2.632875	12.685671	0.018000	0.000000	2.626901	2.626901
0.018100	12.582835	-2.661702	12.861275	0.018100	0.000000	2.655746	2.655746
0.018200	12.753306	-2.689302	13.033770	0.018200	0.000000	2.683365	2.683365
0.018300	12.920866	-2.715674	13.203168	0.018300	0.000000	2.709757	2.709757
0.018400	13.085526	-2.740818	13.369483	0.018400	0.000000	2.734921	2.734921
0.018500	13.247299	-2.764733	13.532726	0.018500	0.000000	2.758857	2.758857
0.018600	13.406200	-2.787420	13.692914	0.018600	0.000000	2.781565	2.781565
0.018700	13.562243	-2.808880	13.850063	0.018700	0.000000	2.803047	2.803047
0.018800	13.715444	-2.829115	14.004189	0.018800	0.000000	2.823305	2.823305
0.018900	13.865820	-2.848128	14.155310	0.018900	0.000000	2.842341	2.842341
0.019000	14.013389	-2.865923	14.303447	0.019000	0.000000	2.860160	2.860160
0.019100	14.158169	-2.882503	14.448618	0.019100	0.000000	2.876764	2.876764
0.019200	14.300179	-2.897872	14.590846	0.019200	0.000000	2.892159	2.892159
0.019300	14.439440	-2.912037	14.730152	0.019300	0.000000	2.906349	2.906349
0.019400	14.575972	-2.925002	14.866560	0.019400	0.000000	2.919341	2.919341
0.019500	14.709797	-2.936775	15.000093	0.019500	0.000000	2.931141	2.931141
0.019600	14.840938	-2.947362	15.130776	0.019600	0.000000	2.941756	2.941756
0.019700	14.969416	-2.956771	15.258634	0.019700	0.000000	2.951193	2.951193
0.019800	15.095257	-2.965009	15.383695	0.019800	0.000000	2.959460	2.959460
0.019900	15.218484	-2.972086	15.505985	0.019900	0.000000	2.966567	2.966567
0.020000	15.339123	-2.978010	15.625532	0.020000	0.000000	2.972521	2.972521
0.020100	15.457199	-2.982791	15.742364	0.020100	0.000000	2.977332	2.977332
0.020200	15.572738	-2.986438	15.856512	0.020200	0.000000	2.981010	2.981010
0.020300	15.685767	-2.988962	15.968005	0.020300	0.000000	2.983566	2.983566
0.020400	15.796313	-2.990373	16.076872	0.020400	0.000000	2.985010	2.985010
0.020500	15.904404	-2.990683	16.183147	0.020500	0.000000	2.985354	2.985354
0.020600	16.010067	-2.989904	16.286859	0.020600	0.000000	2.984608	2.984608
0.020700	16.113333	-2.988046	16.388042	0.020700	0.000000	2.982784	2.982784
0.020800	16.214229	-2.985122	16.486727	0.020800	0.000000	2.979895	2.979895
0.020900	16.312784	-2.981145	16.582948	0.020900	0.000000	2.975953	2.975953
0.021000	16.409030	-2.976127	16.676738	0.021000	0.000000	2.970972	2.970972
0.021100	16.502996	-2.970082	16.768132	0.021100	0.000000	2.964963	2.964963
0.021200	16.594712	-2.963022	16.857163	0.021200	0.000000	2.957940	2.957940
0.021300	16.684209	-2.954961	16.943867	0.021300	0.000000	2.949917	2.949917
0.021400	16.771518	-2.945914	17.028277	0.021400	0.000000	2.940908	2.940908
0.021500	16.856670	-2.935893	17.110430	0.021500	0.000000	2.930926	2.930926
0.021600	16.939697	-2.924914	17.190360	0.021600	0.000000	2.919986	2.919986
0.021700	17.020631	-2.912990	17.268103	0.021700	0.000000	2.908102	2.908102
0.021800	17.099502	-2.900136	17.343695	0.021800	0.000000	2.895288	2.895288
0.021900	17.176344	-2.886366	17.417173	0.021900	0.000000	2.881559	2.881559
0.022000	17.251188	-2.871696	17.488571	0.022000	0.000000	2.866931	2.866931
0.022100	17.324066	-2.856140	17.557927	0.022100	0.000000	2.851417	2.851417
0.022200	17.395011	-2.839713	17.625277	0.022200	0.000000	2.835033	2.835033
0.022300	17.464055	-2.822431	17.690657	0.022300	0.000000	2.817793	2.817793
0.022400	17.531231	-2.804308	17.754103	0.022400	0.000000	2.799714	2.799714
0.022500	17.596570	-2.785360	17.815653	0.022500	0.000000	2.780809	2.780809
0.022600	17.660105	-2.765601	17.875342	0.022600	0.000000	2.761095	2.761095
0.022700	17.721869	-2.745047	17.933207	0.022700	0.000000	2.740587	2.740587
0.022800	17.781893	-2.723714	17.989284	0.022800	0.000000	2.719299	2.719299
0.022900	17.840211	-2.701616	18.043610	0.022900	0.000000	2.697247	2.697247
0.023000	17.896854	-2.678769	18.096220	0.023000	0.000000	2.674446	2.674446
0.023100	17.951854	-2.655187	18.147151	0.023100	0.000000	2.650912	2.650912
0.023200	18.005243	-2.630887	18.196438	0.023200	0.000000	2.626659	2.626659
0.023300	18.057054	-2.605883	18.244117	0.023300	0.000000	2.601703	2.601703
0.023400	18.107317	-2.580191	18.290225	0.023400	0.000000	2.576058	2.576058
0.023500	18.156065	-2.553824	18.334795	0.023500	0.000000	2.549741	2.549741
0.023600	18.203328	-2.526799	18.377864	0.023600	0.000000	2.522765	2.522765
0.023700	18.249138	-2.499130	18.419465	0.023700	0.000000	2.495146	2.495146
0.023800	18.293526	-2.470832	18.459634	0.023800	0.000000	2.466897	2.466897
0.023900	18.336522	-2.441919	18.498405	0.023900	0.000000	2.438035	2.438035
0.024000	18.378157	-2.412407	18.535812	0.024000	0.000000	2.408574	2.408574
0.024100	18.418460	-2.382308	18.571889	0.024100	0.000000	2.378527	2.378527
0.024200	18.457462	-2.351639	18.606669	0.024200	0.000000	2.347909	2.347909
0.024300	18.495193	-2.320412	18.640185	0.024300	0.000000	2.316735	2.316735
0.024400	18.531682	-2.288643	18.672469	0.024400	0.000000	2.285018	2.285018
0.024500	18.566957	-2.256344	18.703555	0.024500	0.000000	2.252772	2.252772
0.024600	18.601047	-2.223530	18.733474	0.024600	0.000000	2.220012	2.220012
0.024700	18.633981	-2.190214	18.762257	0.024700	0.000000	2.186750	2.186750
0.024800	18.665786	-2.156410	18.789936	0.024800	0.000000	2.152999	2.152999
0.024900	18.696491	-2.122131	18.816541	0.024900	0.000000	2.118775	2.118775
0.025000	18.726122	-2.087389	18.842103	0.025000	0.000000	2.084088	2.084088
0.025100	18.754706	-2.052199	18.866651	0.025100	0.000000	2.048953	2.048953
0.025200	18.782270	-2.016572	18.890215	0.025200	0.000000	2.013382	2.013382
0.025300	18.808839	-1.980522	18.912824	0.025300	0.000000	1.977388	1.977388
0.025400	18.834440	-1.944060	18.934506	0.025400	0.000000	1.940983	1.940983
0.025500	18.859097	-1.907200	18.955289	0.025500	0.000000	1.904179	1.904179
0.025600	18.882836	-1.869952	18.975200	0.025600	0.000000	1.866988	1.866988
0.025700	18.905680	-1.832330	18.994267	0.025700	0.000000	1.829423	1.829423
0.025800	18.927654	-1.794344	19.012516	0.025800	0.000000	1.791494	1.791494
0.025900	18.948781	-1.756006	19.029972	0.025900	0.000000	1.753215	1.753215
0.026000	18.969083	-1.717327	19.046662	0.026000	0.000000	1.714595	1.714595
0.026100	18.988584	-1.678320	19.062609	0.026100	0.000000	1.675645	1.675645
0.026200	19.007305	-1.638994	19.077839	0.026200	0.000000	1.636378	1.636378
0.026300	19.025268	-1.599360	19.092375	0.026300	0.000000	1.596804	1.596804
0.026400	19.042494	-1.559429	19.106240	0.026400	0.000000	1.556933	1.556933
0.026500	19.059003	-1.519212	19.119456	0.026500	0.000000	1.516775	1.516775
0.026600	19.074816	-1.478719	19.132047	0.026600	0.000000	1.476342	1.476342
0.026700	19.089952	-1.437959	19.144033	0.026700	0.000000	1.435642	1.435642
0.026800	19.104430	-1.396943	19.155435	0.026800	0.000000	1.394687	1.394687
0.026900	19.118268	-1.355681	19.166274	0.026900	0.000000	1.353485	1.353485
0.027000	19.131485	-1.314182	19.176569	0.027000	0.000000	1.312047	1.312047
0.027100	19.144098	-1.272455	19.186339	0.027100	0.000000	1.270381	1.270381
0.027200	19.156123	-1.230509	19.195604	0.027200	0.000000	1.228497	1.228497
0.027300	19.167578	-1.188355	19.204380	0.027300	0.000000	1.186404	1.186404
0.027400	19.178477	-1.146000	19.212686	0.027400	0.000000	1.144112	1.144112
0.027500	19.188837	-1.103454	19.220538	0.027500	0.000000	1.101627	1.101627
0.027600	19.198672	-1.060725	19.227952	0.027600	0.000000	1.058960	1.058960
0.027700	19.207995	-1.017821	19.234943	0.027700	0.000000	1.016119	1.016119
0.027800	19.216822	-0.974752	19.241528	0.027800	0.000000	0.973113	0.973113
0.027900	19.225164	-0.931524	19.247719	0.027900	0.000000	0.929948	0.929948
0.028000	19.233035	-0.888147	19.253531	0.028000	0.000000	0.886634	0.886634
0.028100	19.240446	-0.844628	19.258976	0.028100	0.000000	0.843179	0.843179
0.028200	19.247409	-0.800976	19.264068	0.028200	0.000000	0.799589	0.799589
0.028300	19.253934	-0.757197	19.268817	0.028300	0.000000	0.755874	0.755874
0.028400	19.260031	-0.713300	19.273235	0.028400	0.000000	0.712040	0.712040
0.028500	19.265711	-0.669291	19.277333	0.028500	0.000000	0.668096	0.668096
0.028600	19.270982	-0.625179	19.281120	0.028600	0.000000	0.624047	0.624047
0.028700	19.275853	-0.580971	19.284606	0.028700	0.000000	0.579903	0.579903
0.028800	19.280332	-0.536674	19.287800	0.028800	0.000000	0.535670	0.535670
0.028900	19.284426	-0.492294	19.290709	0.028900	0.000000	0.491355	0.491355
0.029000	19.288142	-0.447840	19.293340	0.029000	0.000000	0.446966	0.446966
0.029100	19.291486	-0.403319	19.295701	0.029100	0.000000	0.402508	0.402508
0.029200	19.294463	-0.358736	19.297798	0.029200	0.000000	0.357990	0.357990
0.029300	19.297079	-0.314100	19.299635	0.029300	0.000000	0.313418	0.313418
0.029400	19.299338	-0.269416	19.301219	0.029400	0.000000	0.268800	0.268800
0.029500	19.301245	-0.224692	19.302552	0.029500	0.000000	0.224140	0.224140
0.029600	19.302801	-0.179935	19.303639	0.029600	0.000000	0.179448	0.179448
0.029700	19.304010	-0.135150	19.304483	0.029700	0.000000	0.134729	0.134729
0.029800	19.304874	-0.090346	19.305085	0.029800	0.000000	0.089989	0.089989
0.029900	19.305394	-0.045528	19.305448	0.029900	0.000000	0.045236	0.045236
0.030000	19.305571	-0.000704	19.305571	0.030000	0.000000	0.000477	0.000477
0.030100	19.305406	0.044121	19.305457	0.030100	0.000000	-0.044283	0.044283
0.030200	19.304899	0.088939	19.305104	0.030200	0.000000	-0.089036	0.089036
0.030300	19.304047	0.133744	19.304511	0.030300	0.000000	-0.133776	0.133776
0.030400	19.302851	0.178529	19.303677	0.030400	0.000000	-0.178495	0.178495
0.030500	19.301307	0.223287	19.302599	0.030500	0.000000	-0.223189	0.223189
0.030600	19.299414	0.268012	19.301275	0.030600	0.000000	-0.267849	0.267849
0.030700	19.297168	0.312697	19.299701	0.030700	0.000000	-0.312468	0.312468
0.030800	19.294564	0.357335	19.297873	0.030800	0.000000	-0.357041	0.357041
0.030900	19.291600	0.401920	19.295786	0.030900	0.000000	-0.401561	0.401561
0.031000	19.288269	0.446443	19.293435	0.031000	0.000000	-0.446019	0.446019
0.031100	19.284567	0.490899	19.290814	0.031100	0.000000	-0.490410	0.490410
0.031200	19.280486	0.535281	19.287915	0.031200	0.000000	-0.534727	0.534727
0.031300	19.276021	0.579581	19.284732	0.031300	0.000000	-0.578962	0.578962
0.031400	19.271163	0.623791	19.281256	0.031400	0.000000	-0.623108	0.623108
0.031500	19.265906	0.667906	19.277480	0.031500	0.000000	-0.667159	0.667159
0.031600	19.260240	0.711918	19.273393	0.031600	0.000000	-0.711105	0.711105
0.031700	19.254157	0.755819	19.268986	0.031700	0.000000	-0.754942	0.754942
0.031800	19.247646	0.799601	19.264248	0.031800	0.000000	-0.798660	0.798660
0.031900	19.240698	0.843258	19.259168	0.031900	0.000000	-0.842252	0.842252
0.032000	19.233302	0.886780	19.253735	0.032000	0.000000	-0.885710	0.885710
0.032100	19.225447	0.930162	19.247935	0.032100	0.000000	-0.929028	0.929028
0.032200	19.217120	0.973393	19.241756	0.032200	0.000000	-0.972195	0.972195
0.032300	19.208309	1.016468	19.235185	0.032300	0.000000	-1.015206	1.015206
0.032400	19.199001	1.059376	19.228206	0.032400	0.000000	-1.058050	1.058050
0.032500	19.189182	1.102110	19.220806	0.032500	0.000000	-1.100721	1.100721
0.032600	19.178839	1.144662	19.212968	0.032600	0.000000	-1.143209	1.143209
0.032700	19.167957	1.187022	19.204676	0.032700	0.000000	-1.185507	1.185507
0.032800	19.156519	1.229183	19.195914	0.032800	0.000000	-1.227604	1.227604
0.032900	19.144511	1.271134	19.186665	0.032900	0.000000	-1.269492	1.269492
0.033000	19.131917	1.312867	19.176909	0.033000	0.000000	-1.311163	1.311163
0.033100	19.118718	1.354373	19.166630	0.033100	0.000000	-1.352606	1.352606
0.033200	19.104898	1.395643	19.155807	0.033200	0.000000	-1.393813	1.393813
0.033300	19.090439	1.436666	19.144422	0.033300	0.000000	-1.434774	1.434774
0.033400	19.075323	1.477433	19.132453	0.033400	0.000000	-1.475479	1.475479
0.033500	19.059530	1.517934	19.119880	0.033500	0.000000	-1.515919	1.515919
0.033600	19.043041	1.558159	19.106681	0.033600	0.000000	-1.556082	1.556082
0.033700	19.025835	1.598097	19.092835	0.033700	0.000000	-1.595960	1.595960
0.033800	19.007893	1.637740	19.078318	0.033800	0.000000	-1.635541	1.635541
0.033900	18.989194	1.677074	19.063107	0.033900	0.000000	-1.674815	1.674815
0.034000	18.969715	1.716091	19.047180	0.034000	0.000000	-1.713771	1.713771
0.034100	18.949435	1.754779	19.030511	0.034100	0.000000	-1.752398	1.752398
0.034200	18.928331	1.793126	19.013075	0.034200	0.000000	-1.790686	1.790686
0.034300	18.906381	1.831122	18.994848	0.034300	0.000000	-1.828622	1.828622
0.034400	18.883561	1.868755	18.975803	0.034400	0.000000	-1.866195	1.866195
0.034500	18.859847	1.906013	18.955915	0.034500	0.000000	-1.903394	1.903394
0.034600	18.835214	1.942884	18.935155	0.034600	0.000000	-1.940206	1.940206
0.034700	18.809639	1.979357	18.913497	0.034700	0.000000	-1.976620	1.976620
0.034800	18.783095	2.015419	18.890913	0.034800	0.000000	-2.012624	2.012624
0.034900	18.755558	2.051057	18.867374	0.034900	0.000000	-2.048204	2.048204
0.035000	18.727001	2.086260	18.842851	0.035000	0.000000	-2.083349	2.083349
0.035100	18.697398	2.121013	18.817316	0.035100	0.000000	-2.118045	2.118045
0.035200	18.666721	2.155306	18.790738	0.035200	0.000000	-2.152280	2.152280
0.035300	18.634945	2.189123	18.763087	0.035300	0.000000	-2.186041	2.186041
0.035400	18.602040	2.222452	18.734332	0.035400	0.000000	-2.219314	2.219314
0.035500	18.567980	2.255280	18.704442	0.035500	0.000000	-2.252085	2.252085
0.035600	18.532735	2.287593	18.673386	0.035600	0.000000	-2.284343	2.284343
0.035700	18.496278	2.319377	18.641132	0.035700	0.000000	-2.316071	2.316071
0.035800	18.458579	2.350618	18.607648	0.035800	0.000000	-2.347257	2.347257
0.035900	18.419609	2.381303	18.572900	0.035900	0.000000	-2.377887	2.377887
0.036000	18.379339	2.411416	18.536856	0.036000	0.000000	-2.407947	2.407947
0.036100	18.337738	2.440945	18.499482	0.036100	0.000000	-2.437421	2.437421
0.036200	18.294776	2.469874	18.460745	0.036200	0.000000	-2.466297	2.466297
0.036300	18.250423	2.498188	18.420611	0.036300	0.000000	-2.494558	2.494558
0.036400	18.204649	2.525874	18.379045	0.036400	0.000000	-2.522192	2.522192
0.036500	18.157422	2.552917	18.336012	0.036500	0.000000	-2.549182	2.549182
0.036600	18.108711	2.579301	18.291479	0.036600	0.000000	-2.575514	2.575514
0.036700	18.058485	2.605011	18.245410	0.036700	0.000000	-2.601173	2.601173
0.036800	18.006713	2.630034	18.197769	0.036800	0.000000	-2.626144	2.626144
0.036900	17.953362	2.654353	18.148521	0.036900	0.000000	-2.650413	2.650413
0.037000	17.898402	2.677953	18.097630	0.037000	0.000000	-2.673963	2.673963
0.037100	17.841799	2.700820	18.045061	0.037100	0.000000	-2.696780	2.696780
0.037200	17.783522	2.722938	17.990777	0.037200	0.000000	-2.718848	2.718848
0.037300	17.723539	2.744291	17.934742	0.037300	0.000000	-2.740153	2.740153
0.037400	17.661818	2.764865	17.876921	0.037400	0.000000	-2.760679	2.760679
0.037500	17.598325	2.784645	17.817276	0.037500	0.000000	-2.780410	2.780410
0.037600	17.533030	2.803615	17.755771	0.037600	0.000000	-2.799333	2.799333
0.037700	17.465899	2.821759	17.692370	0.037700	0.000000	-2.817430	2.817430
0.037800	17.396900	2.839064	17.627036	0.037800	0.000000	-2.834688	2.834688
0.037900	17.326000	2.855513	17.559734	0.037900	0.000000	-2.851091	2.851091
0.038000	17.253168	2.871091	17.490426	0.038000	0.000000	-2.866624	2.866624
0.038100	17.178372	2.885785	17.419076	0.038100	0.000000	-2.881272	2.881272
0.038200	17.101577	2.899578	17.345648	0.038200	0.000000	-2.895021	2.895021
0.038300	17.022754	2.912456	17.270106	0.038300	0.000000	-2.907854	2.907854
0.038400	16.941870	2.924404	17.192414	0.038400	0.000000	-2.919759	2.919759
0.038500	16.858892	2.935408	17.112535	0.038500	0.000000	-2.930720	2.930720
0.038600	16.773790	2.945453	17.030435	0.038600	0.000000	-2.940723	2.940723
0.038700	16.686532	2.954526	16.946078	0.038700	0.000000	-2.949754	2.949754
0.038800	16.597086	2.962612	16.859429	0.038800	0.000000	-2.957798	2.957798
0.038900	16.505423	2.969698	16.770453	0.038900	0.000000	-2.964843	2.964843
0.039000	16.411510	2.975769	16.679115	0.039000	0.000000	-2.970874	2.970874
0.039100	16.315318	2.980814	16.585380	0.039100	0.000000	-2.975878	2.975878
0.039200	16.216816	2.984818	16.489216	0.039200	0.000000	-2.979843	2.979843
0.039300	16.115974	2.987769	16.390589	0.039300	0.000000	-2.982755	2.982755
0.039400	16.012764	2.989654	16.289465	0.039400	0.000000	-2.984602	2.984602
0.039500	15.907157	2.990461	16.185811	0.039500	0.000000	-2.985372	2.985372
0.039600	15.799122	2.990179	16.079597	0.039600	0.000000	-2.985052	2.985052
0.039700	15.688633	2.988796	15.970789	0.039700	0.000000	-2.983632	2.983632
0.039800	15.575662	2.986300	15.859358	0.039800	0.000000	-2.981101	2.981101
0.039900	15.460181	2.982682	15.745272	0.039900	0.000000	-2.977447	2.977447
0.040000	15.342164	2.977931	15.628502	0.040000	0.000000	-2.972661	2.972661
0.040100	15.221584	2.972036	15.509018	0.040100	0.000000	-2.966732	2.966732
0.040200	15.098417	2.964989	15.386791	0.040200	0.000000	-2.959651	2.959651
0.040300	14.972636	2.956780	15.261795	0.040300	0.000000	-2.951409	2.951409
0.040400	14.844218	2.947401	15.134001	0.040400	0.000000	-2.941997	2.941997
0.040500	14.713139	2.936844	15.003383	0.040500	0.000000	-2.931408	2.931408
0.040600	14.579376	2.925101	14.869916	0.040600	0.000000	-2.919634	2.919634
0.040700	14.442906	2.912166	14.733575	0.040700	0.000000	-2.906668	2.906668
0.040800	14.303707	2.898032	14.594336	0.040800	0.000000	-2.892504	2.892504
0.040900	14.161760	2.882693	14.452175	0.040900	0.000000	-2.877136	2.877136
0.041000	14.017043	2.866144	14.307071	0.041000	0.000000	-2.860558	2.860558
0.041100	13.869538	2.848381	14.159003	0.041100	0.000000	-2.842766	2.842766
0.041200	13.719226	2.829399	14.007950	0.041200	0.000000	-2.823756	2.823756
0.041300	13.566089	2.809195	13.853893	0.041300	0.000000	-2.803525	2.803525
0.041400	13.410111	2.787766	13.696814	0.041400	0.000000	-2.782070	2.782070
0.041500	13.251275	2.765110	13.536695	0.041500	0.000000	-2.759388	2.759388
0.041600	13.089566	2.741226	13.373521	0.041600	0.000000	-2.735479	2.735479
0.041700	12.924972	2.716114	13.207277	0.041700	0.000000	-2.710342	2.710342
0.041800	12.757478	2.689773	13.037949	0.041800	0.000000	-2.683977	2.683977
0.041900	12.587072	2.662204	12.865525	0.041900	0.000000	-2.656384	2.656384
0.042000	12.413745	2.633408	12.689992	0.042000	0.000000	-2.627566	2.627566
0.042100	12.237484	2.603389	12.511341	0.042100	0.000000	-2.597525	2.597525
0.042200	12.058282	2.572149	12.329563	0.042200	0.000000	-2.566263	2.566263
0.042300	11.876131	2.539691	12.144650	0.042300	0.000000	-2.533785	2.533785
0.042400	11.691024	2.506021	11.956596	0.042400	0.000000	-2.500095	2.500095
0.042500	11.502955	2.471145	11.765395	0.042500	0.000000	-2.465199	2.465199
0.042600	11.311919	2.435067	11.571044	0.042600	0.000000	-2.429103	2.429103
0.042700	11.117914	2.397797	11.373541	0.042700	0.000000	-2.391814	2.391814
0.042800	10.920937	2.359340	11.172885	0.042800	0.000000	-2.353340	2.353340
0.042900	10.720988	2.319707	10.969075	0.042900	0.000000	-2.313690	2.313690
0.043000	10.518065	2.278907	10.762115	0.043000	0.000000	-2.272874	2.272874
0.043100	10.312172	2.236950	10.552006	0.043100	0.000000	-2.230902	2.230902
0.043200	10.103309	2.193849	10.338754	0.043200	0.000000	-2.187785	2.187785
0.043300	9.891483	2.149614	10.122365	0.043300	0.000000	-2.143536	2.143536
0.043400	9.676697	2.104259	9.902846	0.043400	0.000000	-2.098168	2.098168
0.043500	9.458957	2.057798	9.680207	0.043500	0.000000	-2.051694	2.051694
0.043600	9.238273	2.010246	9.454458	0.043600	0.000000	-2.004130	2.004130
0.043700	9.014653	1.961619	9.225612	0.043700	0.000000	-1.955492	1.955492
0.043800	8.788107	1.911934	8.993681	0.043800	0.000000	-1.905795	1.905795
0.043900	8.558646	1.861207	8.758682	0.043900	0.000000	-1.855058	1.855058
0.044000	8.326285	1.809457	8.520631	0.044000	0.000000	-1.803298	1.803298
0.044100	8.091037	1.756703	8.279546	0.044100	0.000000	-1.750536	1.750536
0.044200	7.852918	1.702966	8.035448	0.044200	0.000000	-1.696791	1.696791
0.044300	7.611946	1.648266	7.788356	0.044300	0.000000	-1.642083	1.642083
0.044400	7.368137	1.592625	7.538296	0.044400	0.000000	-1.586436	1.586436
0.044500	7.121514	1.536066	7.285290	0.044500	0.000000	-1.529871	1.529871
0.044600	6.872095	1.478612	7.029366	0.044600	0.000000	-1.472411	1.472411
0.044700	6.619905	1.420288	6.770551	0.044700	0.000000	-1.414083	1.414083
0.044800	6.364967	1.361119	6.508875	0.044800	0.000000	-1.354909	1.354909
0.044900	6.107306	1.301130	6.244368	0.044900	0.000000	-1.294917	1.294917
0.045000	5.846949	1.240349	5.977063	0.045000	0.000000	-1.234133	1.234133
0.045100	5.583924	1.178802	5.706994	0.045100	0.000000	-1.172584	1.172584
0.045200	5.318259	1.116519	5.434197	0.045200	0.000000	-1.110300	1.110300
0.045300	5.049987	1.053528	5.158710	0.045300	0.000000	-1.047309	1.047309
0.045400	4.779139	0.989860	4.880573	0.045400	0.000000	-0.983640	0.983640
0.045500	4.505748	0.925544	4.599826	0.045500	0.000000	-0.919325	0.919325
0.045600	4.229850	0.860611	4.316512	0.045600	0.000000	-0.854394	0.854394
0.045700	3.951479	0.795095	4.030678	0.045700	0.000000	-0.788880	0.788880
0.045800	3.670675	0.729027	3.742370	0.045800	0.000000	-0.722815	0.722815
0.045900	3.387475	0.662441	3.451639	0.045900	0.000000	-0.656232	0.656232
0.046000	3.101919	0.595370	3.158539	0.046000	0.000000	-0.589165	0.589165
0.046100	2.814050	0.527850	2.863128	0.046100	0.000000	-0.521650	0.521650
0.046200	2.523908	0.459914	2.565470	0.046200	0.000000	-0.453720	0.453720
0.046300	2.231540	0.391599	2.265639	0.046300	0.000000	-0.385411	0.385411
0.046400	1.936989	0.322941	1.963725	0.046400	0.000000	-0.316760	0.316760
0.046500	1.640302	0.253977	1.659848	0.046500	0.000000	-0.247803	0.247803
0.046600	1.341527	0.184743	1.354188	0.046600	0.000000	-0.178578	0.178578
0.046700	1.040712	0.115278	1.047077	0.046700	0.000000	-0.109121	0.109121
0.046800	0.737908	0.045619	0.739316	0.046800	0.000000	-0.039472	0.039472
0.046900	0.433165	-0.024195	0.433840	0.046900	0.000000	0.030332	0.030332
0.047000	0.126537	-0.094125	0.157706	0.047000	0.000000	0.100251	0.100251
0.047100	-0.181924	-0.164133	0.245022	0.047100	0.000000	0.170247	0.170247
0.047200	-0.492162	-0.234178	0.545035	0.047200	0.000000	0.240280	0.240280
0.047300	-0.804122	-0.304221	0.859746	0.047300	0.000000	0.310311	0.310311
0.047400	-1.117748	-0.374222	1.178730	0.047400	0.000000	0.380298	0.380298
0.047500	-1.432981	-0.444141	1.500232	0.047500	0.000000	0.450202	0.450202
0.047600	-1.749763	-0.513937	1.823678	0.047600	0.000000	0.519983	0.519983
0.047700	-2.068033	-0.583569	2.148794	0.047700	0.000000	0.589600	0.589600
0.047800	-2.387731	-0.652997	2.475412	0.047800	0.000000	0.659012	0.659012
0.047900	-2.708796	-0.722180	2.803412	0.047900	0.000000	0.728178	0.728178
0.048000	-3.031163	-0.791077	3.132691	0.048000	0.000000	0.797057	0.797057
0.048100	-3.354771	-0.859647	3.463160	0.048100	0.000000	0.865609	0.865609
0.048200	-3.679554	-0.927849	3.794736	0.048200	0.000000	0.933792	0.933792
0.048300	-4.005446	-0.995642	4.127336	0.048300	0.000000	1.001565	1.001565
0.048400	-4.332383	-1.062985	4.460883	0.048400	0.000000	1.068888	1.068888
0.048500	-4.660297	-1.129838	4.795300	0.048500	0.000000	1.135720	1.135720
0.048600	-4.989119	-1.196159	5.130508	0.048600	0.000000	1.202020	1.202020
0.048700	-5.318783	-1.261909	5.466431	0.048700	0.000000	1.267748	1.267748
0.048800	-5.649218	-1.327047	5.802992	0.048800	0.000000	1.332863	1.332863
0.048900	-5.980356	-1.391533	6.140115	0.048900	0.000000	1.397325	1.397325
0.049000	-6.312124	-1.455327	6.477723	0.049000	0.000000	1.461095	1.461095
0.049100	-6.644454	-1.518389	6.815737	0.049100	0.000000	1.524133	1.524133
0.049200	-6.977272	-1.580681	7.154081	0.049200	0.000000	1.586399	1.586399
0.049300	-7.310506	-1.642163	7.492677	0.049300	0.000000	1.647855	1.647855
0.049400	-7.644085	-1.702797	7.831447	0.049400	0.000000	1.708463	1.708463
0.049500	-7.977935	-1.762545	8.170313	0.049500	0.000000	1.768184	1.768184
0.049600	-8.311981	-1.821370	8.509196	0.049600	0.000000	1.826980	1.826980
0.049700	-8.646151	-1.879233	8.848019	0.049700	0.000000	1.884816	1.884816
0.049800	-8.980370	-1.936099	9.186704	0.049800	0.000000	1.941653	1.941653
0.049900	-9.314562	-1.991932	9.525170	0.049900	0.000000	1.997455	1.997455
0.050000	-9.648653	-2.046695	9.863340	0.050000	0.000000	2.052189	2.052189
0.050100	-9.982568	-2.100354	10.201135	0.050100	0.000000	2.105817	2.105817
0.050200	-10.316230	-2.152875	10.538475	0.050200	0.000000	2.158306	2.158306
0.050300	-10.649563	-2.204224	10.875284	0.050300	0.000000	2.209623	2.209623
0.050400	-10.982492	-2.254368	11.211481	0.050400	0.000000	2.259734	2.259734
0.050500	-11.314940	-2.303274	11.546989	0.050500	0.000000	2.308607	2.308607
0.050600	-11.646831	-2.350911	11.881728	0.050600	0.000000	2.356210	2.356210
0.050700	-11.978088	-2.397248	12.215621	0.050700	0.000000	2.402513	2.402513
0.050800	-12.308634	-2.442255	12.548589	0.050800	0.000000	2.447485	2.447485
0.050900	-12.638393	-2.485903	12.880555	0.050900	0.000000	2.491097	2.491097
0.051000	-12.967288	-2.528163	13.211441	0.051000	0.000000	2.533321	2.533321
0.051100	-13.295242	-2.569007	13.541169	0.051100	0.000000	2.574129	2.574129
0.051200	-13.622179	-2.608410	13.869663	0.051200	0.000000	2.613494	2.613494
0.051300	-13.948021	-2.646345	14.196846	0.051300	0.000000	2.651391	2.651391
0.051400	-14.272693	-2.682786	14.522641	0.051400	0.000000	2.687794	2.687794
0.051500	-14.596118	-2.717711	14.846973	0.051500	0.000000	2.722680	2.722680
0.051600	-14.918219	-2.751095	15.169765	0.051600	0.000000	2.756024	2.756024
0.051700	-15.238921	-2.782917	15.490944	0.051700	0.000000	2.787806	2.787806
0.051800	-15.558148	-2.813155	15.810434	0.051800	0.000000	2.818004	2.818004
0.051900	-15.875824	-2.841790	16.128160	0.051900	0.000000	2.846597	2.846597
0.052000	-16.191874	-2.868801	16.444050	0.052000	0.000000	2.873567	2.873567
0.052100	-16.506222	-2.894171	16.758031	0.052100	0.000000	2.898895	2.898895
0.052200	-16.818795	-2.917883	17.070030	0.052200	0.000000	2.922565	2.922565
0.052300	-17.129517	-2.939920	17.379974	0.052300	0.000000	2.944559	2.944559
0.052400	-17.438315	-2.960268	17.687793	0.052400	0.000000	2.964863	2.964863
0.052500	-17.745115	-2.978912	17.993416	0.052500	0.000000	2.983462	2.983462
0.052600	-18.049844	-2.995839	18.296773	0.052600	0.000000	3.000345	3.000345
0.052700	-18.352429	-3.011038	18.597795	0.052700	0.000000	3.015499	3.015499
0.052800	-18.652797	-3.024497	18.896413	0.052800	0.000000	3.028912	3.028912
0.052900	-18.950878	-3.036208	19.192560	0.052900	0.000000	3.040576	3.040576
0.053000	-19.246600	-3.046160	19.486167	0.053000	0.000000	3.050483	3.050483
0.053100	-19.539891	-3.054348	19.777168	0.053100	0.000000	3.058623	3.058623
0.053200	-19.830683	-3.060764	20.065499	0.053200	0.000000	3.064991	3.064991
0.053300	-20.118904	-3.065403	20.351094	0.053300	0.000000	3.069583	3.069583
0.053400	-20.404487	-3.068261	20.633888	0.053400	0.000000	3.072392	3.072392
0.053500	-20.687364	-3.069335	20.913819	0.053500	0.000000	3.073417	3.073417
0.053600	-20.967465	-3.068623	21.190824	0.053600	0.000000	3.072656	3.072656
0.053700	-21.244725	-3.066124	21.464842	0.053700	0.000000	3.070107	3.070107
0.053800	-21.519077	-3.061839	21.735812	0.053800	0.000000	3.065772	3.065772
0.053900	-21.790455	-3.055768	22.003673	0.053900	0.000000	3.059650	3.059650
0.054000	-22.058794	-3.047915	22.268368	0.054000	0.000000	3.051746	3.051746
0.054100	-22.324031	-3.038283	22.529837	0.054100	0.000000	3.042062	3.042062
0.054200	-22.586102	-3.026877	22.788023	0.054200	0.000000	3.030604	3.030604
0.054300	-22.844944	-3.013702	23.042870	0.054300	0.000000	3.017377	3.017377
0.054400	-23.100496	-2.998765	23.294324	0.054400	0.000000	3.002388	3.002388
0.054500	-23.352696	-2.982076	23.542328	0.054500	0.000000	2.985645	2.985645
0.054600	-23.601485	-2.963642	23.786829	0.054600	0.000000	2.967157	2.967157
0.054700	-23.846802	-2.943473	24.027776	0.054700	0.000000	2.946935	2.946935
0.054800	-24.088590	-2.921582	24.265115	0.054800	0.000000	2.924989	2.924989
0.054900	-24.326791	-2.897980	24.498797	0.054900	0.000000	2.901333	2.901333
0.055000	-24.561348	-2.872681	24.728771	0.055000	0.000000	2.875979	2.875979
0.055100	-24.792205	-2.845699	24.954988	0.055100	0.000000	2.848941	2.848941
0.055200	-25.019308	-2.817050	25.177401	0.055200	0.000000	2.820236	2.820236
0.055300	-25.242602	-2.786749	25.395963	0.055300	0.000000	2.789880	2.789880
0.055400	-25.462035	-2.754816	25.610627	0.055400	0.000000	2.757890	2.757890
0.055500	-25.677554	-2.721267	25.821349	0.055500	0.000000	2.724284	2.724284
0.055600	-25.889109	-2.686122	26.028085	0.055600	0.000000	2.689082	2.689082
0.055700	-26.096649	-2.649402	26.230791	0.055700	0.000000	2.652305	2.652305
0.055800	-26.300124	-2.611129	26.429426	0.055800	0.000000	2.613974	2.613974
0.055900	-26.499488	-2.571324	26.623947	0.055900	0.000000	2.574110	2.574110
0.056000	-26.694693	-2.530010	26.814316	0.056000	0.000000	2.532739	2.532739
0.056100	-26.885692	-2.487212	27.000493	0.056100	0.000000	2.489882	2.489882
0.056200	-27.072440	-2.442955	27.182440	0.056200	0.000000	2.445566	2.445566
0.056300	-27.254894	-2.397265	27.360119	0.056300	0.000000	2.399817	2.399817
0.056400	-27.433011	-2.350168	27.533495	0.056400	0.000000	2.352660	2.352660
0.056500	-27.606748	-2.301692	27.702532	0.056500	0.000000	2.304125	2.304125
0.056600	-27.776064	-2.251866	27.867196	0.056600	0.000000	2.254238	2.254238
0.056700	-27.940920	-2.200718	28.027454	0.056700	0.000000	2.203030	2.203030
0.056800	-28.101278	-2.148279	28.183274	0.056800	0.000000	2.150530	2.150530
0.056900	-28.257098	-2.094579	28.334623	0.056900	0.000000	2.096770	2.096770
0.057000	-28.408346	-2.039651	28.481473	0.057000	0.000000	2.041780	2.041780
0.057100	-28.554985	-1.983525	28.623793	0.057100	0.000000	1.985593	1.985593
0.057200	-28.696981	-1.926236	28.761556	0.057200	0.000000	1.928242	1.928242
0.057300	-28.834300	-1.867816	28.894733	0.057300	0.000000	1.869761	1.869761
0.057400	-28.966911	-1.808301	29.023299	0.057400	0.000000	1.810184	1.810184
0.057500	-29.094783	-1.747724	29.147228	0.057500	0.000000	1.749545	1.749545
0.057600	-29.217885	-1.686123	29.266496	0.057600	0.000000	1.687881	1.687881
0.057700	-29.336189	-1.623532	29.381079	0.057700	0.000000	1.625227	1.625227
0.057800	-29.449667	-1.559988	29.490956	0.057800	0.000000	1.561621	1.561621
0.057900	-29.558293	-1.495530	29.596103	0.057900	0.000000	1.497100	1.497100
0.058000	-29.662042	-1.430194	29.696501	0.058000	0.000000	1.431701	1.431701
0.058100	-29.760889	-1.364019	29.792131	0.058100	0.000000	1.365463	1.365463
0.058200	-29.854811	-1.297044	29.882973	0.058200	0.000000	1.298425	1.298425
0.058300	-29.943787	-1.229309	29.969010	0.058300	0.000000	1.230625	1.230625
0.058400	-30.027795	-1.160852	30.050225	0.058400	0.000000	1.162105	1.162105
0.058500	-30.106816	-1.091715	30.126603	0.058500	0.000000	1.092904	1.092904
0.058600	-30.180833	-1.021937	30.198129	0.058600	0.000000	1.023062	1.023062
0.058700	-30.249827	-0.951560	30.264789	0.058700	0.000000	0.952621	0.952621
0.058800	-30.313782	-0.880625	30.326571	0.058800	0.000000	0.881622	0.881622
0.058900	-30.372684	-0.809173	30.383461	0.058900	0.000000	0.810106	0.810106
0.059000	-30.426519	-0.737247	30.435450	0.059000	0.000000	0.738115	0.738115
0.059100	-30.475275	-0.664889	30.482527	0.059100	0.000000	0.665693	0.665693
0.059200	-30.518940	-0.592141	30.524684	0.059200	0.000000	0.592880	0.592880
0.059300	-30.557504	-0.519045	30.561912	0.059300	0.000000	0.519720	0.519720
0.059400	-30.590959	-0.445645	30.594204	0.059400	0.000000	0.446255	0.446255
0.059500	-30.619295	-0.371984	30.621555	0.059500	0.000000	0.372529	0.372529
0.059600	-30.642508	-0.298105	30.643958	0.059600	0.000000	0.298585	0.298585
0.059700	-30.660591	-0.224051	30.661410	0.059700	0.000000	0.224466	0.224466
0.059800	-30.673540	-0.149865	30.673906	0.059800	0.000000	0.150215	0.150215
0.059900	-30.681353	-0.075591	30.681446	0.059900	0.000000	0.075876	0.075876
0.060000	-30.684027	-0.001273	30.684027	0.060000	0.000000	0.001493	0.001493
0.060100	-30.681562	0.073045	30.681649	0.060100	0.000000	-0.072890	0.072890
0.060200	-30.673959	0.147322	30.674312	0.060200	0.000000	-0.147232	0.147232
0.060300	-30.661218	0.221511	30.662018	0.060300	0.000000	-0.221487	0.221487
0.060400	-30.643344	0.295572	30.644769	0.060400	0.000000	-0.295612	0.295612
0.060500	-30.620340	0.369458	30.622569	0.060500	0.000000	-0.369564	0.369564
0.060600	-30.592212	0.443129	30.595421	0.060600	0.000000	-0.443299	0.443299
0.060700	-30.558965	0.516540	30.563331	0.060700	0.000000	-0.516775	0.516775
0.060800	-30.520609	0.589648	30.526304	0.060800	0.000000	-0.589948	0.589948
0.060900	-30.477151	0.662410	30.484349	0.060900	0.000000	-0.662776	0.662776
0.061000	-30.428603	0.734785	30.437473	0.061000	0.000000	-0.735215	0.735215
0.061100	-30.374974	0.806728	30.385685	0.061100	0.000000	-0.807223	0.807223
0.061200	-30.316278	0.878199	30.328995	0.061200	0.000000	-0.878759	0.878759
0.061300	-30.252528	0.949155	30.267414	0.061300	0.000000	-0.949780	0.949780
0.061400	-30.183739	1.019554	30.200953	0.061400	0.000000	-1.020244	1.020244
0.061500	-30.109926	1.089356	30.129626	0.061500	0.000000	-1.090110	1.090110
0.061600	-30.031108	1.158519	30.053446	0.061600	0.000000	-1.159338	1.159338
0.061700	-29.947303	1.227003	29.972429	0.061700	0.000000	-1.227886	1.227886
0.061800	-29.858529	1.294767	29.886588	0.061800	0.000000	-1.295715	1.295715
0.061900	-29.764808	1.361772	29.795943	0.061900	0.000000	-1.362784	1.362784
0.062000	-29.666161	1.427978	29.700509	0.062000	0.000000	-1.429054	1.429054
0.062100	-29.562611	1.493347	29.600305	0.062100	0.000000	-1.494488	1.494488
0.062200	-29.454183	1.557841	29.495352	0.062200	0.000000	-1.559045	1.559045
0.062300	-29.340902	1.621420	29.385669	0.062300	0.000000	-1.622688	1.622688
0.062400	-29.222794	1.684049	29.271278	0.062400	0.000000	-1.685380	1.685380
0.062500	-29.099887	1.745690	29.152201	0.062500	0.000000	-1.747085	1.747085
0.062600	-28.972209	1.806306	29.028462	0.062600	0.000000	-1.807765	1.807765
0.062700	-28.839790	1.865864	28.900086	0.062700	0.000000	-1.867385	1.867385
0.062800	-28.702662	1.924326	28.767096	0.062800	0.000000	-1.925911	1.925911
0.062900	-28.560856	1.981660	28.629521	0.062900	0.000000	-1.983307	1.983307
0.063000	-28.414406	2.037831	28.487387	0.063000	0.000000	-2.039541	2.039541
0.063100	-28.263345	2.092807	28.340722	0.063100	0.000000	-2.094579	2.094579
0.063200	-28.107710	2.146555	28.189556	0.063200	0.000000	-2.148389	2.148389
0.063300	-27.947537	2.199043	28.033919	0.063300	0.000000	-2.200940	2.200940
0.063400	-27.782864	2.250241	27.873842	0.063400	0.000000	-2.252200	2.252200
0.063500	-27.613728	2.300120	27.709358	0.063500	0.000000	-2.302140	2.302140
0.063600	-27.440171	2.348648	27.540499	0.063600	0.000000	-2.350730	2.350730
0.063700	-27.262232	2.395799	27.367301	0.063700	0.000000	-2.397941	2.397941
0.063800	-27.079954	2.441544	27.189797	0.063800	0.000000	-2.443748	2.443748
0.063900	-26.893380	2.485857	27.008024	0.063900	0.000000	-2.488121	2.488121
0.064000	-26.702553	2.528712	26.822020	0.064000	0.000000	-2.531036	2.531036
0.064100	-26.507520	2.570083	26.631822	0.064100	0.000000	-2.572468	2.572468
0.064200	-26.308325	2.609947	26.437469	0.064200	0.000000	-2.612392	2.612392
0.064300	-26.105016	2.648280	26.239002	0.064300	0.000000	-2.650784	2.650784
0.064400	-25.897641	2.685060	26.036462	0.064400	0.000000	-2.687624	2.687624
0.064500	-25.686249	2.720266	25.829891	0.064500	0.000000	-2.722889	2.722889
0.064600	-25.470891	2.753877	25.619331	0.064600	0.000000	-2.756559	2.756559
0.064700	-25.251617	2.785873	25.404827	0.064700	0.000000	-2.788614	2.788614
0.064800	-25.028480	2.816237	25.186425	0.064800	0.000000	-2.819035	2.819035
0.064900	-24.801531	2.844950	24.964168	0.064900	0.000000	-2.847807	2.847807
