0.000000	376.813649	0.000000	-1.993425e+006
0.000100	376.804745	-89.383894	-6842.028007
0.000200	376.795772	-90.061227	-6704.531285
0.000300	376.786733	-90.724778	-6566.369335
0.000400	376.777628	-91.374480	-6427.574876
0.000500	376.768459	-92.010273	-6288.180728
0.000600	376.759226	-92.632097	-6148.219802
0.000700	376.749933	-93.239899	-6007.725085
0.000800	376.740579	-93.833626	-5866.729630
0.000900	376.731166	-94.413229	-5725.266542
0.001000	376.721697	-94.978664	-5583.368967
0.001100	376.712171	-95.529890	-5441.070077
0.001200	376.702591	-96.066866	-5298.403060
0.001300	376.692958	-96.589559	-5155.401105
0.001400	376.683274	-97.097936	-5012.097389
0.001500	376.673539	-97.591970	-4868.525066
0.001600	376.663756	-98.071634	-4724.717251
0.001700	376.653925	-98.536906	-4580.707009
0.001800	376.644049	-98.987769	-4436.527339
0.001900	376.634128	-99.424207	-4292.211164
0.002000	376.624165	-99.846208	-4147.791315
0.002100	376.614159	-100.253763	-4003.300517
0.002200	376.604114	-100.646867	-3858.771379
0.002300	376.594031	-101.025517	-3714.236377
0.002400	376.583910	-101.389715	-3569.727841
0.002500	376.573753	-101.739465	-3425.277942
0.002600	376.563562	-102.074774	-3280.918679
0.002700	376.553339	-102.395653	-3136.681865
0.002800	376.543084	-102.702115	-2992.599113
0.002900	376.532799	-102.994179	-2848.701822
0.003000	376.522485	-103.271863	-2705.021166
0.003100	376.512145	-103.535191	-2561.588077
0.003200	376.501779	-103.784190	-2418.433237
0.003300	376.491388	-104.018888	-2275.587058
0.003400	376.480975	-104.239318	-2133.079675
0.003500	376.470541	-104.445516	-1990.940930
0.003600	376.460087	-104.637520	-1849.200360
0.003700	376.449614	-104.815371	-1707.887183
0.003800	376.439124	-104.979112	-1567.030287
0.003900	376.428619	-105.128793	-1426.658219
0.004000	376.418099	-105.264461	-1286.799168
0.004100	376.407566	-105.386171	-1147.480959
0.004200	376.397022	-105.493976	-1008.731035
0.004300	376.386468	-105.587937	-870.576451
0.004400	376.375905	-105.668112	-733.043860
0.004500	376.365335	-105.734567	-596.159500
0.004600	376.354758	-105.787367	-459.949188
0.004700	376.344178	-105.826580	-324.438303
0.004800	376.333594	-105.852279	-189.651783
0.004900	376.323008	-105.864536	-55.614109
0.005000	376.312421	-105.863427	77.650703
0.005100	376.301835	-105.849032	210.119110
0.005200	376.291252	-105.821431	341.768055
0.005300	376.280672	-105.780706	472.574970
0.005400	376.270096	-105.726944	602.517790
0.005500	376.259527	-105.660232	731.574957
0.005600	376.248964	-105.580660	859.725434
0.005700	376.238411	-105.488318	986.948704
0.005800	376.227867	-105.383302	1113.224783
0.005900	376.217335	-105.265705	1238.534227
0.006000	376.206814	-105.135628	1362.858135
0.006100	376.196308	-104.993167	1486.178156
0.006200	376.185816	-104.838426	1608.476497
0.006300	376.175341	-104.671507	1729.735926
0.006400	376.164882	-104.492514	1849.939777
0.006500	376.154443	-104.301554	1969.071956
0.006600	376.144022	-104.098736	2087.116942
0.006700	376.133623	-103.884168	2204.059793
0.006800	376.123246	-103.657961	2319.886150
0.006900	376.112892	-103.420228	2434.582236
0.007000	376.102562	-103.171083	2548.134863
0.007100	376.092258	-102.910640	2660.531429
0.007200	376.081981	-102.639015	2771.759924
0.007300	376.071731	-102.356327	2881.808929
0.007400	376.061510	-102.062693	2990.667617
0.007500	376.051319	-101.758234	3098.325751
0.007600	376.041158	-101.443068	3204.773689
0.007700	376.031030	-101.117319	3310.002378
0.007800	376.020935	-100.781109	3414.003355
0.007900	376.010874	-100.434560	3516.768747
0.008000	376.000849	-100.077797	3618.291268
0.008100	375.990859	-99.710943	3718.564217
0.008200	375.980907	-99.334126	3817.581472
0.008300	375.970993	-98.947469	3915.337494
0.008400	375.961118	-98.551100	4011.827317
0.008500	375.951283	-98.145146	4107.046547
0.008600	375.941489	-97.729733	4200.991359
0.008700	375.931737	-97.304990	4293.658490
0.008800	375.922028	-96.871044	4385.045233
0.008900	375.912363	-96.428024	4475.149437
0.009000	375.902743	-95.976057	4563.969496
0.009100	375.893168	-95.515273	4651.504346
0.009200	375.883640	-95.045799	4737.753456
0.009300	375.874159	-94.567765	4822.716826
0.009400	375.864727	-94.081299	4906.394974
0.009500	375.855343	-93.586529	4988.788935
0.009600	375.846010	-93.083584	5069.900246
0.009700	375.836727	-92.572592	5149.730948
0.009800	375.827496	-92.053680	5228.283567
0.009900	375.818317	-91.526977	5305.561115
0.010000	375.809190	-90.992610	5381.567075
0.010100	375.800118	-90.450706	5456.305395
0.010200	375.791101	-89.901391	5529.780480
0.010300	375.782138	-89.344792	5601.997179
0.010400	375.773232	-88.781034	5672.960779
0.010500	375.764382	-88.210242	5742.676993
0.010600	375.755590	-87.632540	5811.151951
0.010700	375.746856	-87.048052	5878.392192
0.010800	375.738181	-86.456902	5944.404649
0.010900	375.729565	-85.859212	6009.196643
0.011000	375.721009	-85.255103	6072.775870
0.011100	375.712514	-84.644697	6135.150393
0.011200	375.704080	-84.028113	6196.328629
0.011300	375.695709	-83.405471	6256.319337
0.011400	375.687399	-82.776889	6315.131611
0.011500	375.679153	-82.142484	6372.774866
0.011600	375.670971	-81.502372	6429.258829
0.011700	375.662853	-80.856670	6484.593524
0.011800	375.654800	-80.205491	6538.789267
0.011900	375.646812	-79.548950	6591.856650
0.012000	375.638890	-78.887157	6643.806530
0.012100	375.631035	-78.220225	6694.650022
0.012200	375.623246	-77.548264	6744.398482
0.012300	375.615525	-76.871382	6793.063500
0.012400	375.607872	-76.189687	6840.656887
0.012500	375.600288	-75.503286	6887.190666
0.012600	375.592772	-74.812284	6932.677058
0.012700	375.585325	-74.116785	6977.128471
0.012800	375.577949	-73.416892	7020.557492
0.012900	375.570642	-72.712707	7062.976875
0.013000	375.563406	-72.004330	7104.399526
0.013100	375.556241	-71.291860	7144.838501
0.013200	375.549148	-70.575395	7184.306985
0.013300	375.542126	-69.855030	7222.818288
0.013400	375.535177	-69.130862	7260.385835
0.013500	375.528300	-68.402984	7297.023152
0.013600	375.521497	-67.671488	7332.743855
0.013700	375.514766	-66.936466	7367.561647
0.013800	375.508109	-66.198006	7401.490299
0.013900	375.501527	-65.456197	7434.543647
0.014000	375.495018	-64.711126	7466.735577
0.014100	375.488585	-63.962878	7498.080021
0.014200	375.482226	-63.211537	7528.590943
0.014300	375.475942	-62.457187	7558.282330
0.014400	375.469735	-61.699908	7587.168185
0.014500	375.463603	-60.939780	7615.262519
0.014600	375.457547	-60.176881	7642.579339
0.014700	375.451567	-59.411289	7669.132638
0.014800	375.445664	-58.643080	7694.936394
0.014900	375.439839	-57.872327	7720.004553
0.015000	375.434090	-57.099103	7744.351027
0.015100	375.428419	-56.323480	7767.989682
0.015200	375.422825	-55.545528	7790.934333
0.015300	375.417310	-54.765316	7813.198735
0.015400	375.411872	-53.982910	7834.796577
0.015500	375.406513	-53.198378	7855.741472
0.015600	375.401233	-52.411783	7876.046951
0.015700	375.396031	-51.623190	7895.726459
0.015800	375.390908	-50.832659	7914.793344
0.015900	375.385865	-50.040251	7933.260852
0.016000	375.380900	-49.246026	7951.142122
0.016100	375.376016	-48.450042	7968.450179
0.016200	375.371210	-47.652355	7985.197926
0.016300	375.366485	-46.853020	8001.398141
0.016400	375.361840	-46.052093	8017.063470
0.016500	375.357275	-45.249625	8032.206421
0.016600	375.352790	-44.445669	8046.839359
0.016700	375.348386	-43.640274	8060.974501
0.016800	375.344062	-42.833490	8074.623913
0.016900	375.339819	-42.025365	8087.799500
0.017000	375.335657	-41.215945	8100.513007
0.017100	375.331576	-40.405277	8112.776010
0.017200	375.327576	-39.593405	8124.599915
0.017300	375.323657	-38.780371	8135.995950
0.017400	375.319820	-37.966219	8146.975165
0.017500	375.316064	-37.150990	8157.548426
0.017600	375.312390	-36.334723	8167.726411
0.017700	375.308797	-35.517457	8177.519607
0.017800	375.305286	-34.699231	8186.938306
0.017900	375.301857	-33.880082	8195.992601
0.018000	375.298510	-33.060045	8204.692386
0.018100	375.295245	-32.239155	8213.047347
0.018200	375.292062	-31.417447	8221.066967
0.018300	375.288962	-30.594952	8228.760514
0.018400	375.285943	-29.771705	8236.137045
0.018500	375.283007	-28.947735	8243.205403
0.018600	375.280154	-28.123074	8249.974209
0.018700	375.277383	-27.297750	8256.451866
0.018800	375.274694	-26.471793	8262.646553
0.018900	375.272089	-25.645230	8268.566225
0.019000	375.269565	-24.818089	8274.218607
0.019100	375.267125	-23.990395	8279.611199
0.019200	375.264767	-23.162175	8284.751265
0.019300	375.262493	-22.333453	8289.645841
0.019400	375.260301	-21.504254	8294.301724
0.019500	375.258192	-20.674600	8298.725478
0.019600	375.256166	-19.844516	8302.923427
0.019700	375.254223	-19.014023	8306.901658
0.019800	375.252363	-18.183143	8310.666014
0.019900	375.250586	-17.351897	8314.222100
0.020000	375.248893	-16.520305	8317.575276
0.020100	375.247282	-15.688388	8320.730656
0.020200	375.245755	-14.856165	8323.693111
0.020300	375.244311	-14.023656	8326.467267
0.020400	375.242950	-13.190878	8329.057498
0.020500	375.241673	-12.357850	8331.467933
0.020600	375.240479	-11.524590	8333.702452
0.020700	375.239368	-10.691116	8335.764685
0.020800	375.238340	-9.857443	8337.658011
0.020900	375.237396	-9.023590	8339.385557
0.021000	375.236536	-8.189571	8340.950200
0.021100	375.235758	-7.355405	8342.354564
0.021200	375.235065	-6.521106	8343.601021
0.021300	375.234454	-5.686690	8344.691687
0.021400	375.233927	-4.852173	8345.628428
0.021500	375.233484	-4.017569	8346.412854
0.021600	375.233124	-3.182895	8347.046321
0.021700	375.232847	-2.348165	8347.529932
0.021800	375.232654	-1.513394	8347.864533
0.021900	375.232545	-0.678597	8348.050717
0.022000	375.232518	0.156211	8348.088822
0.022100	375.232576	0.991016	8347.978929
0.022200	375.232717	1.825802	8347.720867
0.022300	375.232941	2.660555	8347.314209
0.022400	375.233249	3.495260	8346.758271
0.022500	375.233640	4.329902	8346.052117
0.022600	375.234115	5.164465	8345.194555
0.022700	375.234673	5.998936	8344.184141
0.022800	375.235315	6.833297	8343.019172
0.022900	375.236040	7.667534	8341.697696
0.023000	375.236848	8.501631	8340.217506
0.023100	375.237740	9.335572	8338.576141
0.023200	375.238715	10.169341	8336.770888
0.023300	375.239774	11.002921	8334.798783
0.023400	375.240916	11.836295	8332.656609
0.023500	375.242141	12.669446	8330.340899
0.023600	375.243450	13.502357	8327.847935
0.023700	375.244841	14.335010	8325.173750
0.023800	375.246317	15.167386	8322.314129
0.023900	375.247875	15.999466	8319.264607
0.024000	375.249516	16.831232	8316.020476
0.024100	375.251241	17.662664	8312.576777
0.024200	375.253049	18.493741	8308.928310
0.024300	375.254940	19.324443	8305.069629
0.024400	375.256914	20.154748	8300.995047
0.024500	375.258971	20.984634	8296.698633
0.024600	375.261111	21.814080	8292.174219
0.024700	375.263334	22.643061	8287.415397
0.024800	375.265639	23.471555	8282.415520
0.024900	375.268028	24.299536	8277.167709
0.025000	375.270499	25.126980	8271.664848
0.025100	375.273053	25.953860	8265.899589
0.025200	375.275690	26.780151	8259.864357
0.025300	375.278409	27.605824	8253.551344
0.025400	375.281211	28.430852	8246.952517
0.025500	375.284095	29.255205	8240.059621
0.025600	375.287062	30.078853	8232.864176
0.025700	375.290111	30.901767	8225.357484
0.025800	375.293242	31.723914	8217.530628
0.025900	375.296456	32.545262	8209.374478
0.026000	375.299752	33.365778	8200.879690
0.026100	375.303129	34.185427	8192.036714
0.026200	375.306589	35.004173	8182.835790
0.026300	375.310130	35.821981	8173.266956
0.026400	375.313753	36.638814	8163.320050
0.026500	375.317458	37.454632	8152.984713
0.026600	375.321244	38.269398	8142.250393
0.026700	375.325111	39.083069	8131.106347
0.026800	375.329060	39.895605	8119.541648
0.026900	375.333091	40.706963	8107.545183
0.027000	375.337202	41.517099	8095.105663
0.027100	375.341394	42.325969	8082.211625
0.027200	375.345667	43.133526	8068.851436
0.027300	375.350021	43.939723	8055.013297
0.027400	375.354455	44.744512	8040.685247
0.027500	375.358969	45.547844	8025.855172
0.027600	375.363564	46.349666	8010.510803
0.027700	375.368239	47.149928	7994.639727
0.027800	375.372994	47.948576	7978.229391
0.027900	375.377829	48.745556	7961.267105
0.028000	375.382743	49.540811	7943.740049
0.028100	375.387737	50.334284	7925.635281
0.028200	375.392810	51.125918	7906.939737
0.028300	375.397962	51.915652	7887.640245
0.028400	375.403193	52.703426	7867.723525
0.028500	375.408503	53.489176	7847.176198
0.028600	375.413891	54.272839	7825.984793
0.028700	375.419357	55.054351	7804.135750
0.028800	375.424902	55.833644	7781.615435
0.028900	375.430524	56.610651	7758.410139
0.029000	375.436224	57.385303	7734.506089
0.029100	375.442001	58.157529	7709.889455
0.029200	375.447855	58.927257	7684.546359
0.029300	375.453786	59.694413	7658.462879
0.029400	375.459794	60.458924	7631.625062
0.029500	375.465878	61.220713	7604.018929
0.029600	375.472038	61.979702	7575.630485
0.029700	375.478274	62.735812	7546.445724
0.029800	375.484585	63.488964	7516.450644
0.029900	375.490972	64.239075	7485.631251
0.030000	375.497433	64.986062	7453.973567
0.030100	375.503969	65.729841	7421.463646
0.030200	375.510579	66.470326	7388.087575
0.030300	375.517263	67.207429	7353.831490
0.030400	375.524020	67.941062	7318.681580
0.030500	375.530851	68.671135	7282.624104
0.030600	375.537754	69.397557	7245.645393
0.030700	375.544730	70.120233	7207.731865
0.030800	375.551778	70.839071	7168.870035
0.030900	375.558898	71.553975	7129.046522
0.031000	375.566089	72.264848	7088.248065
0.031100	375.573351	72.971592	7046.461526
0.031200	375.580683	73.674107	7003.673908
0.031300	375.588085	74.372293	6959.872361
0.031400	375.595557	75.066047	6915.044194
0.031500	375.603098	75.755267	6869.176888
0.031600	375.610708	76.439848	6822.258103
0.031700	375.618386	77.119683	6774.275692
0.031800	375.626132	77.794667	6725.217711
0.031900	375.633945	78.464691	6675.072430
0.032000	375.641825	79.129645	6623.828346
0.032100	375.649771	79.789419	6571.474191
0.032200	375.657782	80.443902	6517.998945
0.032300	375.665859	81.092981	6463.391846
0.032400	375.674001	81.736543	6407.642405
0.032500	375.682206	82.374471	6350.740412
0.032600	375.690475	83.006652	6292.675949
0.032700	375.698808	83.632967	6233.439404
0.032800	375.707202	84.253300	6173.021479
0.032900	375.715658	84.867532	6111.413200
0.033000	375.724175	85.475543	6048.605931
0.033100	375.732753	86.077213	5984.591383
0.033200	375.741390	86.672421	5919.361626
0.033300	375.750087	87.261045	5852.909099
0.033400	375.758842	87.842962	5785.226620
0.033500	375.767656	88.418049	5716.307397
0.033600	375.776526	88.986182	5646.145039
0.033700	375.785453	89.547236	5574.733564
0.033800	375.794435	90.101087	5502.067411
0.033900	375.803472	90.647608	5428.141451
0.034000	375.812564	91.186673	5352.950992
0.034100	375.821710	91.718155	5276.491794
0.034200	375.830908	92.241929	5198.760073
0.034300	375.840158	92.757865	5119.752514
0.034400	375.849459	93.265837	5039.466278
0.034500	375.858811	93.765715	4957.899011
0.034600	375.868212	94.257374	4875.048852
0.034700	375.877662	94.740682	4790.914441
0.034800	375.887160	95.215514	4705.494927
0.034900	375.896705	95.681739	4618.789974
0.035000	375.906296	96.139229	4530.799771
0.035100	375.915932	96.587856	4441.525038
0.035200	375.925613	97.027491	4350.967029
0.035300	375.935337	97.458006	4259.127543
0.035400	375.945104	97.879274	4166.008929
0.035500	375.954913	98.291166	4071.614086
0.035600	375.964762	98.693554	3975.946478
0.035700	375.974651	99.086313	3879.010129
0.035800	375.984579	99.469314	3780.809634
0.035900	375.994545	99.842433	3681.350162
0.036000	376.004547	100.205542	3580.637455
0.036100	376.014586	100.558519	3478.677839
0.036200	376.024659	100.901237	3375.478219
0.036300	376.034765	101.233573	3271.046087
0.036400	376.044905	101.555405	3165.389525
0.036500	376.055076	101.866610	3058.517199
0.036600	376.065278	102.167068	2950.438370
0.036700	376.075509	102.456658	2841.162887
0.036800	376.085769	102.735261	2730.701193
0.036900	376.096056	103.002759	2619.064321
0.037000	376.106369	103.259035	2506.263898
0.037100	376.116707	103.503974	2392.312139
0.037200	376.127070	103.737460	2277.221850
0.037300	376.137454	103.959381	2161.006424
0.037400	376.147861	104.169624	2043.679840
0.037500	376.158288	104.368080	1925.256659
0.037600	376.168734	104.554639	1805.752026
0.037700	376.179199	104.729195	1685.181659
0.037800	376.189680	104.891641	1563.561850
0.037900	376.200176	105.041873	1440.909462
0.038000	376.210688	105.179789	1317.241922
0.038100	376.221212	105.305288	1192.577214
0.038200	376.231748	105.418272	1066.933880
0.038300	376.242295	105.518643	940.331007
0.038400	376.252852	105.606306	812.788228
0.038500	376.263416	105.681170	684.325708
0.038600	376.273987	105.743142	554.964145
0.038700	376.284564	105.792133	424.724754
0.038800	376.295145	105.828058	293.629268
0.038900	376.305729	105.850831	161.699924
0.039000	376.316315	105.860371	28.959459
0.039100	376.326901	105.856597	-104.568905
0.039200	376.337486	105.839432	-238.861462
0.039300	376.348068	105.808800	-373.894037
0.039400	376.358647	105.764629	-509.641994
0.039500	376.369221	105.706849	-646.080243
0.039600	376.379788	105.635391	-783.183257
0.039700	376.390348	105.550191	-920.925074
0.039800	376.400898	105.451185	-1059.279317
0.039900	376.411437	105.338315	-1198.219195
0.040000	376.421965	105.211523	-1337.717522
0.040100	376.432479	105.070754	-1477.746725
0.040200	376.442979	104.915957	-1618.278857
0.040300	376.453462	104.747083	-1759.285607
0.040400	376.463928	104.564085	-1900.738315
0.040500	376.474374	104.366921	-2042.607980
0.040600	376.484801	104.155550	-2184.865278
0.040700	376.495205	103.929936	-2327.480569
0.040800	376.505586	103.690043	-2470.423914
0.040900	376.515942	103.435841	-2613.665086
0.041000	376.526273	103.167301	-2757.173582
0.041100	376.536575	102.884399	-2900.918638
0.041200	376.546849	102.587111	-3044.869242
0.041300	376.557092	102.275419	-3188.994146
0.041400	376.567304	101.949307	-3333.261880
0.041500	376.577482	101.608763	-3477.640766
0.041600	376.587625	101.253776	-3622.098932
0.041700	376.597732	100.884342	-3766.604322
0.041800	376.607801	100.500455	-3911.124715
0.041900	376.617832	100.102117	-4055.627734
0.042000	376.627821	99.689331	-4200.080861
0.042100	376.637769	99.262104	-4344.451452
0.042200	376.647673	98.820445	-4488.706749
0.042300	376.657533	98.364367	-4632.813893
0.042400	376.667346	97.893888	-4776.739940
0.042500	376.677111	97.409027	-4920.451871
0.042600	376.686827	96.909806	-5063.916608
0.042700	376.696492	96.396253	-5207.101028
0.042800	376.706106	95.868396	-5349.971973
0.042900	376.715666	95.326270	-5492.496266
0.043000	376.725171	94.769910	-5634.640722
0.043100	376.734619	94.199355	-5776.372164
0.043200	376.744010	93.614650	-5917.657432
0.043300	376.753342	93.015840	-6058.463400
0.043400	376.762613	92.402974	-6198.756983
0.043500	376.771822	91.776107	-6338.505157
0.043600	376.780967	91.135293	-6477.674965
0.043700	376.790048	90.480592	-6616.233531
0.043800	376.799063	89.812067	-6754.148074
0.043900	376.808010	89.129785	-6891.385920
0.044000	376.816889	88.433814	-7027.914509
0.044100	376.825697	87.724227	-7163.701412
0.044200	376.834433	87.001099	-7298.714341
0.044300	376.843096	86.264511	-7432.921160
0.044400	376.851685	85.514543	-7566.289894
0.044500	376.860199	84.751282	-7698.788744
0.044600	376.868635	83.974815	-7830.386096
0.044700	376.876993	83.185236	-7961.050528
0.044800	376.885272	82.382637	-8090.750827
0.044900	376.893469	81.567119	-8219.455996
0.045000	376.901585	80.738780	-8347.135261
0.045100	376.909617	79.897727	-8473.758086
0.045200	376.917564	79.044065	-8599.294181
0.045300	376.925425	78.177905	-8723.713508
0.045400	376.933199	77.299361	-8846.986296
0.045500	376.940885	76.408547	-8969.083046
0.045600	376.948480	75.505584	-9089.974539
0.045700	376.955985	74.590593	-9209.631850
0.045800	376.963398	73.663700	-9328.026349
0.045900	376.970718	72.725031	-9445.129718
0.046000	376.977943	71.774718	-9560.913950
0.046100	376.985072	70.812893	-9675.351363
0.046200	376.992105	69.839693	-9788.414606
0.046300	376.999040	68.855257	-9900.076666
0.046400	377.005876	67.859726	-1.001031e+004
0.046500	377.012611	66.853243	-1.011909e+004
0.046600	377.019246	65.835957	-1.022639e+004
0.046700	377.025778	64.808015	-1.033219e+004
0.046800	377.032207	63.769571	-1.043645e+004
0.046900	377.038532	62.720778	-1.053916e+004
0.047000	377.044751	61.661792	-1.064028e+004
0.047100	377.050864	60.592774	-1.073981e+004
0.047200	377.056869	59.513885	-1.083770e+004
0.047300	377.062766	58.425289	-1.093395e+004
0.047400	377.068554	57.327152	-1.102851e+004
0.047500	377.074231	56.219643	-1.112139e+004
0.047600	377.079798	55.102932	-1.121254e+004
0.047700	377.085252	53.977192	-1.130196e+004
0.047800	377.090593	52.842599	-1.138961e+004
0.047900	377.095820	51.699329	-1.147548e+004
0.048000	377.100932	50.547563	-1.155955e+004
0.048100	377.105929	49.387480	-1.164180e+004
0.048200	377.110810	48.219265	-1.172220e+004
0.048300	377.115573	47.043102	-1.180075e+004
0.048400	377.120218	45.859178	-1.187741e+004
0.048500	377.124744	44.667682	-1.195218e+004
0.048600	377.129151	43.468806	-1.202503e+004
0.048700	377.133438	42.262740	-1.209596e+004
0.048800	377.137604	41.049680	-1.216493e+004
0.048900	377.141648	39.829820	-1.223194e+004
0.049000	377.145569	38.603358	-1.229696e+004
0.049100	377.149368	37.370494	-1.236000e+004
0.049200	377.153043	36.131426	-1.242102e+004
0.049300	377.156594	34.886358	-1.248001e+004
0.049400	377.160020	33.635492	-1.253697e+004
0.049500	377.163321	32.379032	-1.259188e+004
0.049600	377.166496	31.117186	-1.264472e+004
0.049700	377.169544	29.850158	-1.269548e+004
0.049800	377.172466	28.578159	-1.274415e+004
0.049900	377.175260	27.301397	-1.279073e+004
0.050000	377.177926	26.020084	-1.283519e+004
0.050100	377.180464	24.734430	-1.287753e+004
0.050200	377.182873	23.444648	-1.291774e+004
0.050300	377.185152	22.150952	-1.295581e+004
0.050400	377.187303	20.853557	-1.299173e+004
0.050500	377.189323	19.552678	-1.302549e+004
0.050600	377.191213	18.248530	-1.305709e+004
0.050700	377.192973	16.941332	-1.308651e+004
0.050800	377.194601	15.631301	-1.311375e+004
0.050900	377.196099	14.318654	-1.313881e+004
0.051000	377.197465	13.003612	-1.316167e+004
0.051100	377.198699	11.686393	-1.318234e+004
0.051200	377.199802	10.367217	-1.320080e+004
0.051300	377.200773	9.046306	-1.321706e+004
0.051400	377.201611	7.723879	-1.323111e+004
0.051500	377.202318	6.400158	-1.324294e+004
0.051600	377.202891	5.075364	-1.325256e+004
0.051700	377.203333	3.749720	-1.325996e+004
0.051800	377.203641	2.423447	-1.326513e+004
0.051900	377.203817	1.096768	-1.326809e+004
0.052000	377.203861	-0.230097	-1.326882e+004
0.052100	377.203771	-1.556923	-1.326734e+004
0.052200	377.203549	-2.883489	-1.326362e+004
0.052300	377.203195	-4.209574	-1.325769e+004
0.052400	377.202707	-5.534954	-1.324954e+004
0.052500	377.202088	-6.859408	-1.323917e+004
0.052600	377.201335	-8.182715	-1.322659e+004
0.052700	377.200451	-9.504652	-1.321179e+004
0.052800	377.199435	-10.824999	-1.319478e+004
0.052900	377.198286	-12.143535	-1.317557e+004
0.053000	377.197006	-13.460040	-1.315416e+004
0.053100	377.195594	-14.774293	-1.313055e+004
0.053200	377.194051	-16.086077	-1.310475e+004
0.053300	377.192377	-17.395171	-1.307677e+004
0.053400	377.190572	-18.701357	-1.304661e+004
0.053500	377.188637	-20.004419	-1.301427e+004
0.053600	377.186571	-21.304140	-1.297978e+004
0.053700	377.184376	-22.600303	-1.294313e+004
0.053800	377.182052	-23.892693	-1.290433e+004
0.053900	377.179598	-25.181097	-1.286339e+004
0.054000	377.177015	-26.465301	-1.282033e+004
0.054100	377.174305	-27.745093	-1.277515e+004
0.054200	377.171467	-29.020260	-1.272786e+004
0.054300	377.168501	-30.290594	-1.267847e+004
0.054400	377.165409	-31.555885	-1.262700e+004
0.054500	377.162190	-32.815925	-1.257345e+004
0.054600	377.158846	-34.070507	-1.251785e+004
0.054700	377.155376	-35.319426	-1.246020e+004
0.054800	377.151782	-36.562478	-1.240051e+004
0.054900	377.148064	-37.799460	-1.233880e+004
0.055000	377.144222	-39.030171	-1.227509e+004
0.055100	377.140258	-40.254411	-1.220938e+004
0.055200	377.136172	-41.471982	-1.214170e+004
0.055300	377.131964	-42.682687	-1.207206e+004
0.055400	377.127635	-43.886330	-1.200048e+004
0.055500	377.123187	-45.082719	-1.192697e+004
0.055600	377.118619	-46.271661	-1.185156e+004
0.055700	377.113933	-47.452967	-1.177425e+004
0.055800	377.109129	-48.626448	-1.169507e+004
0.055900	377.104208	-49.791918	-1.161403e+004
0.056000	377.099171	-50.949193	-1.153116e+004
0.056100	377.094018	-52.098089	-1.144647e+004
0.056200	377.088751	-53.238427	-1.135999e+004
0.056300	377.083371	-54.370027	-1.127173e+004
0.056400	377.077878	-55.492714	-1.118172e+004
0.056500	377.072273	-56.606313	-1.108997e+004
0.056600	377.066557	-57.710651	-1.099651e+004
0.056700	377.060731	-58.805559	-1.090137e+004
0.056800	377.054796	-59.890869	-1.080455e+004
0.056900	377.048753	-60.966415	-1.070610e+004
0.057000	377.042603	-62.032034	-1.060602e+004
0.057100	377.036347	-63.087566	-1.050435e+004
0.057200	377.029986	-64.132851	-1.040110e+004
0.057300	377.023521	-65.167735	-1.029631e+004
0.057400	377.016952	-66.192062	-1.018999e+004
0.057500	377.010282	-67.205684	-1.008218e+004
0.057600	377.003512	-68.208450	-9972.897062
0.057700	376.996641	-69.200215	-9862.167252
0.057800	376.989672	-70.180836	-9750.018372
0.057900	376.982605	-71.150172	-9636.477209
0.058000	376.975442	-72.108086	-9521.570889
0.058100	376.968184	-73.054442	-9405.326879
0.058200	376.960832	-73.989107	-9287.772970
0.058300	376.953387	-74.911954	-9168.937277
0.058400	376.945850	-75.822853	-9048.848224
0.058500	376.938223	-76.721682	-8927.534545
0.058600	376.930506	-77.608320	-8805.025265
0.058700	376.922701	-78.482649	-8681.349699
0.058800	376.914810	-79.344552	-8556.537442
0.058900	376.906833	-80.193919	-8430.618358
0.059000	376.898771	-81.030640	-8303.622573
0.059100	376.890627	-81.854609	-8175.580463
0.059200	376.882401	-82.665722	-8046.522649
0.059300	376.874094	-83.463880	-7916.479982
0.059400	376.865709	-84.248986	-7785.483537
0.059500	376.857245	-85.020946	-7653.564602
0.059600	376.848705	-85.779670	-7520.754668
0.059700	376.840090	-86.525069	-7387.085414
0.059800	376.831400	-87.257059	-7252.588706
0.059900	376.822639	-87.975560	-7117.296575
0.060000	376.813806	-88.680493	-6981.241216
0.060100	376.804903	-89.371784	-6844.454970
0.060200	376.795932	-90.049361	-6706.970314
0.060300	376.786894	-90.713156	-6568.819851
0.060400	376.777790	-91.363104	-6430.036300
0.060500	376.768621	-91.999143	-6290.652479
0.060600	376.759390	-92.621215	-6150.701296
0.060700	376.750098	-93.229265	-6010.215738
0.060800	376.740745	-93.823242	-5869.228856
0.060900	376.731333	-94.403096	-5727.773756
0.061000	376.721865	-94.968782	-5585.883581
0.061100	376.712340	-95.520259	-5443.591504
0.061200	376.702761	-96.057488	-5300.930713
0.061300	376.693129	-96.580434	-5157.934397
0.061400	376.683446	-97.089065	-5014.635733
0.061500	376.673712	-97.583352	-4871.067875
0.061600	376.663929	-98.063270	-4727.263940
0.061700	376.654100	-98.528798	-4583.256993
0.061800	376.644224	-98.979916	-4439.080035
0.061900	376.634304	-99.416609	-4294.765989
0.062000	376.624341	-99.838866	-4150.347690
0.062100	376.614337	-100.246677	-4005.857864
0.062200	376.604292	-100.640036	-3861.329122
0.062300	376.594209	-101.018942	-3716.793942
0.062400	376.584089	-101.383396	-3572.284657
0.062500	376.573933	-101.733401	-3427.833442
0.062600	376.563743	-102.068965	-3283.472298
0.062700	376.553520	-102.390100	-3139.233042
0.062800	376.543265	-102.696817	-2995.147290
0.062900	376.532981	-102.989135	-2851.246446
0.063000	376.522668	-103.267074	-2707.561686
0.063100	376.512328	-103.530656	-2564.123950
0.063200	376.501962	-103.779908	-2420.963920
0.063300	376.491572	-104.014859	-2278.112016
0.063400	376.481160	-104.235541	-2135.598378
0.063500	376.470726	-104.441991	-1993.452852
0.063600	376.460272	-104.634245	-1851.704980
0.063700	376.449799	-104.812346	-1710.383988
0.063800	376.439310	-104.976337	-1569.518769
0.063900	376.428805	-105.126266	-1429.137875
0.064000	376.418285	-105.262182	-1289.269503
0.064100	376.407753	-105.384138	-1149.941483
0.064200	376.397209	-105.492189	-1011.181267
0.064300	376.386655	-105.586394	-873.015915
0.064400	376.376092	-105.666813	-735.472088
0.064500	376.365522	-105.733510	-598.576031
0.064600	376.354946	-105.786551	-462.353568
0.064700	376.344365	-105.826004	-326.830089
0.064800	376.333781	-105.851941	-192.030537
0.064900	376.323195	-105.864435	-57.979401
0.065000	376.312608	-105.863562	75.299294
0.065100	376.302023	-105.849402	207.781997
0.065200	376.291439	-105.822033	339.445640
0.065300	376.280859	-105.781541	470.267649
0.065400	376.270283	-105.728009	600.225949
0.065500	376.259714	-105.661525	729.298973
0.065600	376.249151	-105.582179	857.465675
0.065700	376.238598	-105.490063	984.705528
0.065800	376.228054	-105.385270	1110.998539
0.065900	376.217521	-105.267895	1236.325255
0.066000	376.207001	-105.138037	1360.666763
0.066100	376.196494	-104.995795	1484.004706
0.066200	376.186002	-104.841270	1606.321278
0.066300	376.175526	-104.674566	1727.599238
0.066400	376.165067	-104.495786	1847.821911
0.066500	376.154627	-104.305037	1966.973190
0.066600	376.144207	-104.102427	2085.037547
0.066700	376.133807	-103.888066	2202.000028
0.066800	376.123429	-103.662065	2317.846264
0.066900	376.113075	-103.424535	2432.562468
0.067000	376.102745	-103.175590	2546.135440
0.067100	376.092440	-102.915346	2658.552570
0.067200	376.082162	-102.643919	2769.801837
0.067300	376.071912	-102.361425	2879.871810
0.067400	376.061690	-102.067984	2988.751652
0.067500	376.051499	-101.763715	3096.431117
0.067600	376.041338	-101.448738	3202.900551
0.067700	376.031209	-101.123175	3308.150891
0.067800	376.021114	-100.787149	3412.173664
0.067900	376.011052	-100.440782	3514.960986
0.068000	376.001026	-100.084198	3616.505562
0.068100	375.991036	-99.717522	3716.800677
0.068200	375.981083	-99.340880	3815.840203
0.068300	375.971168	-98.954396	3913.618589
0.068400	375.961292	-98.558198	4010.130858
0.068500	375.951456	-98.152412	4105.372608
0.068600	375.941662	-97.737166	4199.340002
0.068700	375.931909	-97.312587	4292.029768
0.068800	375.922200	-96.878803	4383.439189
0.068900	375.912534	-96.435942	4473.566105
0.069000	375.902913	-95.984132	4562.408899
0.069100	375.893337	-95.523503	4649.966498
0.069200	375.883808	-95.054182	4736.238363
0.069300	375.874327	-94.576298	4821.224482
0.069400	375.864893	-94.089980	4904.925366
0.069500	375.855509	-93.595356	4987.342040
0.069600	375.846175	-93.092554	5068.476033
0.069700	375.836891	-92.581703	5148.329375
0.069800	375.827659	-92.062931	5226.904587
0.069900	375.818479	-91.536365	5304.204670
0.070000	375.809352	-91.002132	5380.233099
0.070100	375.800278	-90.460361	5454.993815
0.070200	375.791260	-89.911176	5528.491213
0.070300	375.782296	-89.354704	5600.730136
0.070400	375.773389	-88.791072	5671.715862
0.070500	375.764538	-88.220403	5741.454098
0.070600	375.755745	-87.642822	5809.950966
0.070700	375.747010	-87.058454	5877.212997
0.070800	375.738334	-86.467420	5943.247118
0.070900	375.729717	-85.869845	6008.060644
0.071000	375.721160	-85.265849	6071.661263
0.071100	375.712664	-84.655553	6134.057033
0.071200	375.704229	-84.039077	6195.256363
0.071300	375.695856	-83.416541	6255.268008
0.071400	375.687546	-82.788063	6314.101054
0.071500	375.679299	-82.153760	6371.764913
0.071600	375.671115	-81.513749	6428.269304
0.071700	375.662996	-80.868144	6483.624248
0.071800	375.654942	-80.217062	6537.840055
0.071900	375.646953	-79.560614	6590.927312
0.072000	375.639030	-78.898914	6642.896872
0.072100	375.631173	-78.232071	6693.759844
0.072200	375.623384	-77.560198	6743.527581
0.072300	375.615661	-76.883402	6792.211670
0.072400	375.608007	-76.201791	6839.823917
0.072500	375.600421	-75.515473	6886.376342
0.072600	375.592904	-74.824551	6931.881160
0.072700	375.585457	-74.129131	6976.350779
0.072800	375.578079	-73.429315	7019.797783
0.072900	375.570771	-72.725205	7062.234920
0.073000	375.563534	-72.016901	7103.675097
0.073100	375.556368	-71.304503	7144.131364
0.073200	375.549273	-70.588107	7183.616907
0.073300	375.542250	-69.867811	7222.145032
0.073400	375.535299	-69.143710	7259.729163
0.073500	375.528421	-68.415897	7296.382822
0.073600	375.521616	-67.684464	7332.119628
0.073700	375.514885	-66.949503	7366.953278
0.073800	375.508227	-66.211103	7400.897544
0.073900	375.501643	-65.469352	7433.966261
0.074000	375.495133	-64.724338	7466.173314
0.074100	375.488698	-63.976146	7497.532634
0.074200	375.482338	-63.224860	7528.058184
0.074300	375.476053	-62.470562	7557.763952
0.074400	375.469844	-61.713334	7586.663940
0.074500	375.463710	-60.953255	7614.772159
0.074600	375.457653	-60.190405	7642.102616
0.074700	375.451672	-59.424860	7668.669305
0.074800	375.445768	-58.656696	7694.486204
0.074900	375.439941	-57.885987	7719.567259
0.075000	375.434191	-57.112807	7743.926383
0.075100	375.428519	-56.337226	7767.577443
0.075200	375.422924	-55.559314	7790.534256
0.075300	375.417407	-54.779142	7812.810577
0.075400	375.411968	-53.996775	7834.420096
0.075500	375.406608	-53.212279	7855.376427
0.075600	375.401326	-52.425721	7875.693104
0.075700	375.396122	-51.637162	7895.383573
0.075800	375.390998	-50.846664	7914.461183
0.075900	375.385953	-50.054289	7932.939184
0.076000	375.380987	-49.260096	7950.830714
0.076100	375.376101	-48.464142	7968.148802
0.076200	375.371295	-47.666485	7984.906353
0.076300	375.366568	-46.867179	8001.116147
0.076400	375.361921	-46.066280	8016.790832
0.076500	375.357355	-45.263839	8031.942919
0.076600	375.352869	-44.459908	8046.584776
0.076700	375.348463	-43.654538	8060.728622
0.076800	375.344138	-42.847778	8074.386525
0.076900	375.339893	-42.039677	8087.570395
0.077000	375.335730	-41.230280	8100.291978
0.077100	375.331647	-40.419633	8112.562853
0.077200	375.327646	-39.607782	8124.394430
0.077300	375.323726	-38.794769	8135.797940
0.077400	375.319887	-37.980636	8146.784436
0.077500	375.316130	-37.165425	8157.364788
0.077600	375.312454	-36.349176	8167.549676
0.077700	375.308860	-35.531928	8177.349591
0.077800	375.305348	-34.713719	8186.774828
0.077900	375.301917	-33.894585	8195.835486
0.078000	375.298569	-33.074564	8204.541459
0.078100	375.295302	-32.253689	8212.902440
0.078200	375.292118	-31.431994	8220.927912
0.078300	375.289016	-30.609514	8228.627150
0.078400	375.285996	-29.786280	8236.009214
0.078500	375.283059	-28.962322	8243.082949
0.078600	375.280204	-28.137673	8249.856983
0.078700	375.277431	-27.312361	8256.339720
0.078800	375.274741	-26.486414	8262.539345
0.078900	375.272134	-25.659862	8268.463815
0.079000	375.269609	-24.832731	8274.120862
0.079100	375.267167	-24.005047	8279.517987
0.079200	375.264808	-23.176835	8284.662460
0.079300	375.262532	-22.348122	8289.561320
0.079400	375.260339	-21.518931	8294.221370
0.079500	375.258228	-20.689286	8298.649176
0.079600	375.256201	-19.859209	8302.851067
0.079700	375.254256	-19.028723	8306.833135
0.079800	375.252395	-18.197849	8310.601226
0.079900	375.250617	-17.366610	8314.160951
0.080000	375.248922	-16.535024	8317.517671
0.080100	375.247310	-15.703113	8320.676509
0.080200	375.245781	-14.870895	8323.642338
0.080300	375.244336	-14.038390	8326.419786
0.080400	375.242974	-13.205617	8329.013235
0.080500	375.241695	-12.372594	8331.426818
0.080600	375.240499	-11.539338	8333.664418
0.080700	375.239387	-10.705867	8335.729670
0.080800	375.238358	-9.872197	8337.625956
0.080900	375.237412	-9.038347	8339.356410
0.081000	375.236550	-8.204332	8340.923913
0.081100	375.235771	-7.370167	8342.331092
0.081200	375.235076	-6.535871	8343.580323
0.081300	375.234464	-5.701457	8344.673729
0.081400	375.233936	-4.866941	8345.613179
0.081500	375.233491	-4.032339	8346.400288
0.081600	375.233129	-3.197666	8347.036417
0.081700	375.232851	-2.362937	8347.522671
0.081800	375.232657	-1.528166	8347.859903
0.081900	375.232546	-0.693370	8348.048710
0.082000	375.232518	0.141438	8348.089434
0.082100	375.232574	0.976243	8347.982161
0.082200	375.232713	1.811030	8347.726724
0.082300	375.232936	2.645784	8347.322700
0.082400	375.233243	3.480489	8346.769411
0.082500	375.233632	4.315132	8346.065925
0.082600	375.234106	5.149698	8345.211055
0.082700	375.234662	5.984170	8344.203359
0.082800	375.235302	6.818533	8343.041142
0.082900	375.236026	7.652773	8341.722454
0.083000	375.236833	8.486872	8340.245093
0.083100	375.237723	9.320816	8338.606603
0.083200	375.238697	10.154588	8336.804275
0.083300	375.239754	10.988172	8334.835150
0.083400	375.240895	11.821550	8332.696015
0.083500	375.242119	12.654705	8330.383407
0.083600	375.243426	13.487620	8327.893613
0.083700	375.244816	14.320278	8325.222671
0.083800	375.246290	15.152659	8322.366370
0.083900	375.247847	15.984745	8319.320249
0.084000	375.249487	16.816516	8316.079604
0.084100	375.251210	17.647954	8312.639481
0.084200	375.253016	18.479037	8308.994684
0.084300	375.254906	19.309746	8305.139772
0.084400	375.256878	20.140058	8301.069061
0.084500	375.258934	20.969952	8296.776626
0.084600	375.261072	21.799406	8292.256302
0.084700	375.263294	22.628396	8287.501684
0.084800	375.265598	23.456898	8282.506133
0.084900	375.267985	24.284889	8277.262770
0.085000	375.270455	25.112342	8271.764485
0.085100	375.273007	25.939233	8266.003936
0.085200	375.275643	26.765534	8259.973548
0.085300	375.278360	27.591218	8253.665519
0.085400	375.281161	28.416258	8247.071822
0.085500	375.284044	29.240623	8240.184202
0.085600	375.287009	30.064284	8232.994186
0.085700	375.290057	30.887211	8225.493079
0.085800	375.293186	31.709372	8217.671967
0.085900	375.296398	32.530735	8209.521725
0.086000	375.299692	33.351265	8201.033012
0.086100	375.303069	34.170930	8192.196282
0.086200	375.306527	34.989693	8183.001778
0.086300	375.310067	35.807518	8173.439542
0.086400	375.313688	36.624368	8163.499416
0.086500	375.317391	37.440205	8153.171044
0.086600	375.321176	38.254989	8142.443877
0.086700	375.325042	39.068680	8131.307177
0.086800	375.328990	39.881236	8119.750017
0.086900	375.333019	40.692616	8107.761290
0.087000	375.337128	41.502774	8095.329710
0.087100	375.341319	42.311666	8082.443816
0.087200	375.345591	43.119247	8069.091978
0.087300	375.349943	43.925469	8055.262400
0.087400	375.354376	44.730283	8040.943125
0.087500	375.358889	45.533641	8026.122039
0.087600	375.363482	46.335490	8010.786878
0.087700	375.368156	47.135780	7994.925232
0.087800	375.372909	47.934458	7978.524549
0.087900	375.377743	48.731467	7961.572141
0.088000	375.382656	49.526753	7944.055192
0.088100	375.387648	50.320259	7925.960760
0.088200	375.392720	51.111926	7907.275785
0.088300	375.397870	51.901694	7887.987096
0.088400	375.403100	52.689502	7868.081414
0.088500	375.408408	53.475289	7847.545363
0.088600	375.413795	54.258990	7826.365473
0.088700	375.419260	55.040540	7804.528186
0.088800	375.424803	55.819873	7782.019869
0.088900	375.430424	56.596921	7758.826814
0.089000	375.436122	57.371615	7734.935249
0.089100	375.441898	58.143885	7710.331346
0.089200	375.447751	58.913657	7685.001226
0.089300	375.453681	59.680860	7658.930969
0.089400	375.459687	60.445419	7632.106622
0.089500	375.465770	61.207256	7604.514207
0.089600	375.471928	61.966295	7576.139728
0.089700	375.478163	62.722457	7546.969181
0.089800	375.484473	63.475662	7516.988562
0.089900	375.490858	64.225828	7486.183877
0.090000	375.497318	64.972871	7454.541150
0.090100	375.503852	65.716708	7422.046431
0.090200	375.510461	66.457251	7388.685808
0.090300	375.517144	67.194415	7354.445415
0.090400	375.523900	67.928111	7319.311443
0.090500	375.530729	68.658247	7283.270146
0.090600	375.537631	69.384734	7246.307855
0.090700	375.544606	70.107478	7208.410987
0.090800	375.551653	70.826385	7169.566055
0.090900	375.558771	71.541359	7129.759676
0.091000	375.565961	72.252304	7088.978586
0.091100	375.573221	72.959122	7047.209646
0.091200	375.580553	73.661713	7004.439855
0.091300	375.587954	74.359976	6960.656361
0.091400	375.595424	75.053810	6915.846471
0.091500	375.602964	75.743111	6869.997661
0.091600	375.610573	76.427774	6823.097589
0.091700	375.618250	77.107695	6775.134105
0.091800	375.625994	77.782765	6726.095260
0.091900	375.633806	78.452878	6675.969321
0.092000	375.641685	79.117922	6624.744780
0.092100	375.649629	79.777789	6572.410365
0.092200	375.657640	80.432367	6518.955052
0.092300	375.665716	81.081543	6464.368075
0.092400	375.673856	81.725203	6408.638938
0.092500	375.682061	82.363232	6351.757427
0.092600	375.690329	82.995515	6293.713620
0.092700	375.698660	83.621936	6234.497899
0.092800	375.707053	84.242376	6174.100958
0.092900	375.715508	84.856716	6112.513819
0.093000	375.724024	85.464838	6049.727841
0.093100	375.732601	86.066622	5985.734727
0.093200	375.741237	86.661945	5920.526542
0.093300	375.749933	87.250686	5854.095717
0.093400	375.758687	87.832723	5786.435063
0.093500	375.767499	88.407932	5717.537782
0.093600	375.776368	88.976189	5647.397476
0.093700	375.785294	89.537370	5576.008155
0.093800	375.794276	90.091349	5503.364251
0.093900	375.803312	90.638001	5429.460626
0.094000	375.812403	91.177199	5354.292583
0.094100	375.821547	91.708817	5277.855870
0.094200	375.830744	92.232728	5200.146698
0.094300	375.839994	92.748804	5121.161742
0.094400	375.849294	93.256917	5040.898156
0.094500	375.858645	93.756941	4959.353576
0.094600	375.868045	94.248745	4876.526132
0.094700	375.877494	94.732203	4792.414456
0.094800	375.886991	95.207185	4707.017688
0.094900	375.896535	95.673564	4620.335482
0.095000	375.906126	96.131210	4532.368019
0.095100	375.915761	96.579995	4443.116007
0.095200	375.925441	97.019790	4352.580693
0.095300	375.935165	97.450468	4260.763866
0.095400	375.944931	97.871900	4167.667863
0.095500	375.954739	98.283959	4073.295576
0.095600	375.964588	98.686517	3977.650457
0.095700	375.974476	99.079447	3880.736522
0.095800	375.984403	99.462622	3782.558355
0.095900	375.994368	99.835917	3683.121113
0.096000	376.004370	100.199205	3582.430530
0.096100	376.014408	100.552361	3480.492921
0.096200	376.024480	100.895262	3377.315180
0.096300	376.034586	101.227783	3272.904791
0.096400	376.044725	101.549802	3167.269823
0.096500	376.054896	101.861196	3060.418933
0.096600	376.065097	102.161845	2952.361370
0.096700	376.075328	102.451629	2843.106974
0.096800	376.085587	102.730427	2732.666177
0.096900	376.095874	102.998123	2621.050002
0.097000	376.106186	103.254599	2508.270065
0.097100	376.116524	103.499738	2394.338570
0.097200	376.126886	103.733428	2279.268314
0.097300	376.137271	103.955555	2163.072679
0.097400	376.147677	104.166006	2045.765633
0.097500	376.158103	104.364671	1927.361728
0.097600	376.168549	104.551442	1807.876097
0.097700	376.179013	104.726211	1687.324449
0.097800	376.189494	104.888872	1565.723067
0.097900	376.199991	105.039321	1443.088802
0.098000	376.210502	105.177456	1319.439070
0.098100	376.221026	105.303176	1194.791849
0.098200	376.231562	105.416382	1069.165668
0.098300	376.242109	105.516977	942.579607
0.098400	376.252665	105.604866	815.053286
0.098500	376.263229	105.679957	686.606864
0.098600	376.273800	105.742158	557.261027
0.098700	376.284377	105.791380	427.036983
0.098800	376.294958	105.827536	295.956455
0.098900	376.305542	105.850543	164.041672
0.099000	376.316128	105.860318	31.315359
0.099100	376.326714	105.856780	-102.199267
0.099200	376.337299	105.839852	-236.478510
0.099300	376.347881	105.809460	-371.498202
0.099400	376.358460	105.765529	-507.233715
0.099500	376.369034	105.707990	-643.659970
0.099600	376.379601	105.636775	-780.751444
0.099700	376.390161	105.551818	-918.482186
0.099800	376.400711	105.453058	-1056.825822
0.099900	376.411251	105.340434	-1195.755572
0.100000	376.421779	105.213888	-1335.244255
0.100100	376.432293	105.073367	-1475.264306
0.100200	376.442793	104.918818	-1615.787783
0.100300	376.453277	104.750194	-1756.786382
0.100400	376.463743	104.567446	-1898.231449
0.100500	376.474190	104.370533	-2040.093990
0.100600	376.484616	104.159415	-2182.344685
0.100700	376.495021	103.934052	-2324.953901
0.100800	376.505403	103.694413	-2467.891702
0.100900	376.515759	103.440464	-2611.127868
0.101000	376.526090	103.172178	-2754.631900
0.101100	376.536393	102.889530	-2898.373039
0.101200	376.546668	102.592497	-3042.320276
0.101300	376.556911	102.281060	-3186.442368
0.101400	376.567123	101.955204	-3330.707850
0.101500	376.577302	101.614915	-3475.085045
0.101600	376.587446	101.260184	-3619.542086
0.101700	376.597553	100.891005	-3764.046921
0.101800	376.607624	100.507374	-3908.567329
0.101900	376.617654	100.109292	-4053.070938
0.102000	376.627645	99.696761	-4197.525231
0.102100	376.637593	99.269789	-4341.897567
0.102200	376.647498	98.828386	-4486.155190
0.102300	376.657359	98.372563	-4630.265241
0.102400	376.667172	97.902339	-4774.194779
0.102500	376.676939	97.417732	-4917.910787
0.102600	376.686655	96.918765	-5061.380186
0.102700	376.696322	96.405465	-5204.569855
0.102800	376.705936	95.877861	-5347.446635
0.102900	376.715497	95.335987	-5489.977351
0.103000	376.725003	94.779878	-5632.128817
0.103100	376.734452	94.209575	-5773.867856
0.103200	376.743844	93.625120	-5915.161308
0.103300	376.753177	93.026559	-6055.976045
0.103400	376.762449	92.413942	-6196.278983
0.103500	376.771659	91.787321	-6336.037095
0.103600	376.780806	91.146753	-6475.217423
0.103700	376.789888	90.492298	-6613.787091
0.103800	376.798904	89.824017	-6751.713316
0.103900	376.807853	89.141978	-6888.963419
0.104000	376.816732	88.446248	-7025.504842
0.104100	376.825541	87.736902	-7161.305151
0.104200	376.834279	87.014013	-7296.332056
0.104300	376.842944	86.277662	-7430.553418
0.104400	376.851534	85.527930	-7563.937260
0.104500	376.860049	84.764904	-7696.451779
0.104600	376.868487	83.988670	-7828.065357
0.104700	376.876846	83.199322	-7958.746570
0.104800	376.885126	82.396953	-8088.464201
0.104900	376.893325	81.581662	-8217.187247
0.105000	376.901442	80.753550	-8344.884933
0.105100	376.909475	79.912720	-8471.526718
0.105200	376.917424	79.059280	-8597.082305
0.105300	376.925287	78.193341	-8721.521654
0.105400	376.933062	77.315014	-8844.814989
0.105500	376.940749	76.424417	-8966.932804
0.105600	376.948347	75.521668	-9087.845878
0.105700	376.955853	74.606889	-9207.525279
0.105800	376.963268	73.680205	-9325.942372
0.105900	376.970589	72.741743	-9443.068833
0.106000	376.977816	71.791635	-9558.876650
0.106100	376.984947	70.830013	-9673.338135
0.106200	376.991981	69.857013	-9786.425932
0.106300	376.998918	68.872775	-9898.113019
0.106400	377.005756	67.877438	-1.000837e+004
0.106500	377.012493	66.871148	-1.011718e+004
0.106600	377.019129	65.854052	-1.022451e+004
0.106700	377.025664	64.826298	-1.033033e+004
0.106800	377.032094	63.788038	-1.043462e+004
0.106900	377.038421	62.739426	-1.053735e+004
0.107000	377.044642	61.680620	-1.063851e+004
0.107100	377.050757	60.611778	-1.073806e+004
0.107200	377.056764	59.533062	-1.083598e+004
0.107300	377.062663	58.444636	-1.093226e+004
0.107400	377.068452	57.346667	-1.102686e+004
0.107500	377.074132	56.239322	-1.111976e+004
0.107600	377.079700	55.122772	-1.121094e+004
0.107700	377.085156	53.997191	-1.130039e+004
0.107800	377.090499	52.862753	-1.138808e+004
0.107900	377.095728	51.719635	-1.147398e+004
0.108000	377.100843	50.568017	-1.155808e+004
0.108100	377.105842	49.408080	-1.164036e+004
0.108200	377.110724	48.240007	-1.172080e+004
0.108300	377.115489	47.063983	-1.179937e+004
0.108400	377.120137	45.880195	-1.187607e+004
0.108500	377.124665	44.688832	-1.195087e+004
0.108600	377.129074	43.490084	-1.202376e+004
0.108700	377.133363	42.284144	-1.209472e+004
0.108800	377.137531	41.071206	-1.216372e+004
0.108900	377.141577	39.851465	-1.223077e+004
0.109000	377.145501	38.625118	-1.229583e+004
0.109100	377.149302	37.392365	-1.235890e+004
0.109200	377.152979	36.153406	-1.241995e+004
0.109300	377.156532	34.908442	-1.247899e+004
0.109400	377.159961	33.657677	-1.253598e+004
0.109500	377.163264	32.401314	-1.259092e+004
0.109600	377.166441	31.139561	-1.264380e+004
0.109700	377.169491	29.872624	-1.269460e+004
0.109800	377.172415	28.600711	-1.274331e+004
0.109900	377.175211	27.324031	-1.278992e+004
0.110000	377.177880	26.042796	-1.283442e+004
0.110100	377.180420	24.757217	-1.287680e+004
0.110200	377.182831	23.467507	-1.291705e+004
0.110300	377.185113	22.173878	-1.295516e+004
0.110400	377.187266	20.876547	-1.299112e+004
0.110500	377.189288	19.575727	-1.302492e+004
0.110600	377.191181	18.271636	-1.305655e+004
0.110700	377.192943	16.964490	-1.308601e+004
0.110800	377.194574	15.654506	-1.311329e+004
0.110900	377.196073	14.341904	-1.313839e+004
0.111000	377.197442	13.026902	-1.316129e+004
0.111100	377.198679	11.709720	-1.318199e+004
0.111200	377.199784	10.390577	-1.320050e+004
0.111300	377.200757	9.069694	-1.321679e+004
0.111400	377.201598	7.747292	-1.323088e+004
0.111500	377.202306	6.423592	-1.324275e+004
0.111600	377.202882	5.098816	-1.325241e+004
0.111700	377.203326	3.773185	-1.325984e+004
0.111800	377.203637	2.446921	-1.326506e+004
0.111900	377.203815	1.120247	-1.326806e+004
0.112000	377.203861	-0.206616	-1.326883e+004
0.112100	377.203774	-1.533445	-1.326738e+004
0.112200	377.203554	-2.860018	-1.326371e+004
0.112300	377.203202	-4.186113	-1.325782e+004
0.112400	377.202717	-5.511508	-1.324971e+004
0.112500	377.202100	-6.835980	-1.323937e+004
0.112600	377.201350	-8.159309	-1.322683e+004
0.112700	377.200468	-9.481272	-1.321207e+004
0.112800	377.199454	-10.801649	-1.319510e+004
0.112900	377.198308	-12.120219	-1.317593e+004
0.113000	377.197030	-13.436762	-1.315456e+004
0.113100	377.195620	-14.751057	-1.313099e+004
0.113200	377.194080	-16.062886	-1.310523e+004
0.113300	377.192408	-17.372029	-1.307728e+004
0.113400	377.190605	-18.678269	-1.304716e+004
0.113500	377.188672	-19.981389	-1.301486e+004
0.113600	377.186609	-21.281170	-1.298041e+004
0.113700	377.184416	-22.577398	-1.294379e+004
0.113800	377.182094	-23.869857	-1.290503e+004
0.113900	377.179642	-25.158334	-1.286414e+004
0.114000	377.177062	-26.442614	-1.282111e+004
0.114100	377.174354	-27.722485	-1.277596e+004
0.114200	377.171518	-28.997736	-1.272871e+004
0.114300	377.168555	-30.268157	-1.267936e+004
0.114400	377.165464	-31.533539	-1.262793e+004
0.114500	377.162248	-32.793674	-1.257442e+004
0.114600	377.158906	-34.048354	-1.251885e+004
0.114700	377.155439	-35.297376	-1.246123e+004
0.114800	377.151847	-36.540533	-1.240158e+004
0.114900	377.148131	-37.777625	-1.233991e+004
0.115000	377.144291	-39.008448	-1.227623e+004
0.115100	377.140329	-40.232805	-1.221056e+004
0.115200	377.136245	-41.450495	-1.214292e+004
0.115300	377.132039	-42.661323	-1.207331e+004
0.115400	377.127713	-43.865093	-1.200177e+004
0.115500	377.123267	-45.061612	-1.192829e+004
0.115600	377.118701	-46.250688	-1.185291e+004
0.115700	377.114017	-47.432130	-1.177563e+004
0.115800	377.109215	-48.605751	-1.169648e+004
0.115900	377.104296	-49.771365	-1.161548e+004
0.116000	377.099261	-50.928786	-1.153264e+004
0.116100	377.094110	-52.077832	-1.144798e+004
0.116200	377.088845	-53.218323	-1.136153e+004
0.116300	377.083467	-54.350080	-1.127331e+004
0.116400	377.077976	-55.472926	-1.118332e+004
0.116500	377.072373	-56.586686	-1.109161e+004
0.116600	377.066659	-57.691190	-1.099818e+004
0.116700	377.060835	-58.786266	-1.090306e+004
0.116800	377.054902	-59.871747	-1.080628e+004
0.116900	377.048861	-60.947468	-1.070785e+004
0.117000	377.042713	-62.013264	-1.060781e+004
0.117100	377.036458	-63.068976	-1.050616e+004
0.117200	377.030099	-64.114444	-1.040294e+004
0.117300	377.023636	-65.149513	-1.029818e+004
0.117400	377.017070	-66.174028	-1.019189e+004
0.117500	377.010401	-67.187840	-1.008410e+004
0.117600	377.003632	-68.190800	-9974.843604
0.117700	376.996764	-69.182761	-9864.139145
0.117800	376.989796	-70.163580	-9752.015146
0.117900	376.982731	-71.133118	-9638.498385
0.118000	376.975570	-72.091235	-9523.615986
0.118100	376.968313	-73.037796	-9407.395407
0.118200	376.960963	-73.972670	-9289.864435
0.118300	376.953519	-74.895726	-9171.051178
0.118400	376.945984	-75.806838	-9050.984056
0.118500	376.938358	-76.705882	-8929.691796
0.118600	376.930643	-77.592737	-8807.203420
0.118700	376.922840	-78.467284	-8683.548236
0.118800	376.914950	-79.329409	-8558.755836
0.118900	376.906975	-80.178998	-8432.856077
0.119000	376.898915	-81.015944	-8305.879082
0.119100	376.890772	-81.840139	-8177.855222
0.119200	376.882547	-82.651481	-8048.815114
0.119300	376.874242	-83.449869	-7918.789606
0.119400	376.865858	-84.235207	-7787.809768
0.119500	376.857395	-85.007401	-7655.906885
0.119600	376.848857	-85.766359	-7523.112442
0.119700	376.840243	-86.511994	-7389.458119
0.119800	376.831555	-87.244223	-7254.975776
0.119900	376.822794	-87.962963	-7119.697442
0.120000	376.813963	-88.668137	-6983.655308
0.120100	376.805061	-89.359670	-6846.881713
0.120200	376.796091	-90.037490	-6709.409133
0.120300	376.787054	-90.701529	-6571.270169
0.120400	376.777951	-91.351723	-6432.497536
0.120500	376.768784	-91.988009	-6293.124051
0.120600	376.759554	-92.610329	-6153.182622
0.120700	376.750263	-93.218627	-6012.706233
0.120800	376.740911	-93.812853	-5871.727936
0.120900	376.731500	-94.392957	-5730.280833
0.121000	376.722033	-94.958895	-5588.398069
0.121100	376.712509	-95.510624	-5446.112816
0.121200	376.702931	-96.048105	-5303.458261
0.121300	376.693300	-96.571304	-5160.467593
0.121400	376.683617	-97.080189	-5017.173992
0.121500	376.673884	-97.574730	-4873.610610
0.121600	376.664103	-98.054903	-4729.810565
0.121700	376.654274	-98.520685	-4585.806923
0.121800	376.644399	-98.972058	-4441.632687
0.121900	376.634480	-99.409007	-4297.320782
0.122000	376.624518	-99.831519	-4152.904043
0.122100	376.614514	-100.239586	-4008.415199
0.122200	376.604470	-100.633201	-3863.886863
0.122300	376.594388	-101.012363	-3719.351515
0.122400	376.584268	-101.377072	-3574.841492
0.122500	376.574113	-101.727333	-3430.388970
0.122600	376.563923	-102.063153	-3286.025956
0.122700	376.553701	-102.384542	-3141.784267
0.122800	376.543447	-102.691515	-2997.695525
0.122900	376.533163	-102.984087	-2853.791137
0.123000	376.522851	-103.262280	-2710.102284
0.123100	376.512511	-103.526116	-2566.659909
0.123200	376.502146	-103.775621	-2423.494700
0.123300	376.491757	-104.010825	-2280.637081
0.123400	376.481344	-104.231760	-2138.117196
0.123500	376.470911	-104.438461	-1995.964898
0.123600	376.460457	-104.630966	-1854.209735
0.123700	376.449985	-104.809317	-1712.880936
0.123800	376.439496	-104.973558	-1572.007402
0.123900	376.428991	-105.123735	-1431.617692
0.124000	376.418471	-105.259898	-1291.740007
0.124100	376.407939	-105.382101	-1152.402186
0.124200	376.397395	-105.490398	-1013.631685
0.124300	376.386842	-105.584847	-875.455573
0.124400	376.376279	-105.665509	-737.900518
0.124500	376.365709	-105.732449	-600.992773
0.124600	376.355133	-105.785730	-464.758168
0.124700	376.344552	-105.825423	-329.222101
0.124800	376.333968	-105.851599	-194.409524
0.124900	376.323382	-105.864330	-60.344934
0.125000	376.312796	-105.863694	72.947636
0.125100	376.302210	-105.849767	205.444626
0.125200	376.291626	-105.822632	337.122962
0.125300	376.281046	-105.782371	467.960057
0.125400	376.270470	-105.729069	597.933830
0.125500	376.259901	-105.662813	727.022706
0.125600	376.249338	-105.583694	855.205625
0.125700	376.238784	-105.491803	982.462055
0.125800	376.228240	-105.387234	1108.771993
0.125900	376.217707	-105.270081	1234.115974
0.126000	376.207187	-105.140443	1358.475078
0.126100	376.196680	-104.998419	1481.830936
0.126200	376.186187	-104.844111	1604.165734
0.126300	376.175711	-104.677621	1725.462220
0.126400	376.165252	-104.499054	1845.703708
0.126500	376.154812	-104.308516	1964.874084
0.126600	376.144391	-104.106115	2082.957807
0.126700	376.133991	-103.891961	2199.939913
0.126800	376.123613	-103.666164	2315.806024
0.126900	376.113258	-103.428838	2430.542341
0.127000	376.102927	-103.180094	2544.135656
0.127100	376.092622	-102.920049	2656.573346
0.127200	376.082344	-102.648818	2767.843380
0.127300	376.072093	-102.366520	2877.934318
0.127400	376.061871	-102.073271	2986.835312
0.127500	376.051679	-101.769192	3094.536105
0.127600	376.041517	-101.454404	3201.027032
0.127700	376.031388	-101.129028	3306.299020
0.127800	376.021292	-100.793185	3410.343586
0.127900	376.011230	-100.447000	3513.152837
0.128000	376.001203	-100.090596	3614.719463
0.128100	375.991212	-99.724098	3715.036745
0.128200	375.981258	-99.347631	3814.098540
0.128300	375.971343	-98.961320	3911.899287
0.128400	375.961466	-98.565293	4008.434002
0.128500	375.951630	-98.159676	4103.698270
0.128600	375.941835	-97.744596	4197.688245
0.128700	375.932082	-97.320181	4290.400645
0.128800	375.922371	-96.886558	4381.832744
0.128900	375.912705	-96.443857	4471.982370
0.129000	375.903083	-95.992205	4560.847899
0.129100	375.893506	-95.531730	4648.428248
0.129200	375.883977	-95.062562	4734.722866
0.129300	375.874494	-94.584828	4819.731735
0.129400	375.865060	-94.098658	4903.455356
0.129500	375.855675	-93.604180	4985.894743
0.129600	375.846339	-93.101522	5067.051418
0.129700	375.837055	-92.590813	5146.927403
