    3.9269   -0.4031
    3.9636   -0.4366
    4.0031   -0.4669
    4.0450   -0.4936
    4.0891   -0.5166
    4.1350   -0.5356
    4.1825   -0.5506
    4.2310   -0.5613
    4.2803   -0.5678
    4.3300   -0.5700
    4.3797   -0.5678
    4.4290   -0.5613
    4.4775   -0.5506
    4.5250   -0.5356
    4.5709   -0.5166
    4.6150   -0.4936
    4.6569   -0.4669
    4.6964   -0.4366
    4.7331   -0.4031
    4.7666   -0.3664
    4.7969   -0.3269
    4.8236   -0.2850
    4.8466   -0.2409
    4.8656   -0.1950
    4.8806   -0.1475
    4.8913   -0.0990
    4.8978   -0.0497
    4.9000         0
    4.8978    0.0497
    4.8913    0.0990
    4.8806    0.1475
    4.8656    0.1950
    4.8466    0.2409
    4.8236    0.2850
    4.7969    0.3269
    4.7666    0.3664
    4.7331    0.4031
    4.6964    0.4366
    4.6569    0.4669
    4.6150    0.4936
    4.5709    0.5166
    4.5250    0.5356
    4.4775    0.5506
    4.4290    0.5613
    4.3797    0.5678
    4.3300    0.5700
    4.2803    0.5678
    4.2310    0.5613
    4.1825    0.5506
    4.1350    0.5356
    4.0891    0.5166
    4.0450    0.4936
    4.0031    0.4669
    3.9636    0.4366
    3.9269    0.4031
    0.9000    0.5700
    0.9000    1.2500
   -0.9000    1.2500
   -0.9000    0.6400
   -0.6364    0.6364
   -0.6894    0.5785
   -0.7372    0.5162
   -0.7794    0.4500
   -0.8157    0.3804
   -0.8457    0.3078
   -0.8693    0.2329
   -0.8863    0.1563
   -0.8966    0.0784
   -0.9000    0.0000
   -0.8966   -0.0784
   -0.8863   -0.1563
   -0.8693   -0.2329
   -0.8457   -0.3078
   -0.8157   -0.3804
   -0.7794   -0.4500
   -0.7372   -0.5162
   -0.6894   -0.5785
   -0.6364   -0.6364
   -0.9000   -0.6400
   -0.9000   -1.2500
    0.9000   -1.2500
    0.9000   -0.5700
    3.9269   -0.4031