    4.6800         0
    4.6787    0.0305
    4.6747    0.0608
    4.6681    0.0906
    4.6589    0.1197
    4.6472    0.1479
    4.6331    0.1750
    4.6167    0.2008
    4.5981    0.2250
    4.5775    0.2475
    4.5550    0.2681
    4.5308    0.2867
    4.5050    0.3031
    4.4779    0.3172
    4.4497    0.3289
    4.4206    0.3381
    4.3908    0.3447
    4.3605    0.3487
    4.3300    0.3500
    4.2995    0.3487
    4.2692    0.3447
    4.2394    0.3381
    4.2103    0.3289
    4.1821    0.3172
    4.1550    0.3031
    4.1292    0.2867
    4.1050    0.2681
    4.0825    0.2475
    4.0619    0.2250
    4.0433    0.2008
    4.0269    0.1750
    4.0128    0.1479
    4.0011    0.1197
    3.9919    0.0906
    3.9853    0.0608
    3.9813    0.0305
    3.9800    0.0000
    3.9813   -0.0305
    3.9853   -0.0608
    3.9919   -0.0906
    4.0011   -0.1197
    4.0128   -0.1479
    4.0269   -0.1750
    4.0433   -0.2008
    4.0619   -0.2250
    4.0825   -0.2475
    4.1050   -0.2681
    4.1292   -0.2867
    4.1550   -0.3031
    4.1821   -0.3172
    4.2103   -0.3289
    4.2394   -0.3381
    4.2692   -0.3447
    4.2995   -0.3487
    4.3300   -0.3500
    4.3605   -0.3487
    4.3908   -0.3447
    4.4206   -0.3381
    4.4497   -0.3289
    4.4779   -0.3172
    4.5050   -0.3031
    4.5308   -0.2867
    4.5550   -0.2681
    4.5775   -0.2475
    4.5981   -0.2250
    4.6167   -0.2008
    4.6331   -0.1750
    4.6472   -0.1479
    4.6589   -0.1197
    4.6681   -0.0906
    4.6747   -0.0608
    4.6787   -0.0305
    4.6800   -0.0000