    0.5500         0
    0.5479    0.0479
    0.5416    0.0955
    0.5313    0.1424
    0.5168    0.1881
    0.4985    0.2324
    0.4763    0.2750
    0.4505    0.3155
    0.4213    0.3535
    0.3889    0.3889
    0.3535    0.4213
    0.3155    0.4505
    0.2750    0.4763
    0.2324    0.4985
    0.1881    0.5168
    0.1424    0.5313
    0.0955    0.5416
    0.0479    0.5479
    0.0000    0.5500
   -0.0479    0.5479
   -0.0955    0.5416
   -0.1424    0.5313
   -0.1881    0.5168
   -0.2324    0.4985
   -0.2750    0.4763
   -0.3155    0.4505
   -0.3535    0.4213
   -0.3889    0.3889
   -0.4213    0.3535
   -0.4505    0.3155
   -0.4763    0.2750
   -0.4985    0.2324
   -0.5168    0.1881
   -0.5313    0.1424
   -0.5416    0.0955
   -0.5479    0.0479
   -0.5500    0.0000
   -0.5479   -0.0479
   -0.5416   -0.0955
   -0.5313   -0.1424
   -0.5168   -0.1881
   -0.4985   -0.2324
   -0.4763   -0.2750
   -0.4505   -0.3155
   -0.4213   -0.3535
   -0.3889   -0.3889
   -0.3535   -0.4213
   -0.3155   -0.4505
   -0.2750   -0.4763
   -0.2324   -0.4985
   -0.1881   -0.5168
   -0.1424   -0.5313
   -0.0955   -0.5416
   -0.0479   -0.5479
   -0.0000   -0.5500
    0.0479   -0.5479
    0.0955   -0.5416
    0.1424   -0.5313
    0.1881   -0.5168
    0.2324   -0.4985
    0.2750   -0.4763
    0.3155   -0.4505
    0.3535   -0.4213
    0.3889   -0.3889
    0.4213   -0.3535
    0.4505   -0.3155
    0.4763   -0.2750
    0.4985   -0.2324
    0.5168   -0.1881
    0.5313   -0.1424
    0.5416   -0.0955
    0.5479   -0.0479
    0.5500   -0.0000