0.000000	5.315013	0.000000	-0.002946
0.001000	5.308393	-13.221294	-1.314745e+004
0.002000	5.288644	-26.221840	-1.281762e+004
0.003000	5.256095	-38.786009	-1.227640e+004
0.004000	5.211286	-50.708333	-1.153644e+004
0.005000	5.154956	-61.798377	-1.061511e+004
0.006000	5.088024	-71.885331	-9534.235468
0.007000	5.011569	-80.822199	-8319.524407
0.008000	4.926803	-88.489401	-6999.965330
0.009000	4.835043	-94.797625	-5606.944927
0.010000	4.737680	-99.689715	-4173.206890
0.011000	4.636145	-103.141442	-2731.644908
0.012000	4.531875	-105.161001	-1313.991705
0.013000	4.426287	-105.787184	50.509147
0.014000	4.320744	-105.086258	1336.340442
0.015000	4.216528	-103.147707	2522.742377
0.016000	4.114825	-100.079076	3594.434133
0.017000	4.016706	-96.000294	4541.953806
0.018000	3.923119	-91.037856	5361.589851
0.019000	3.834883	-85.319266	6054.927864
0.020000	3.752691	-78.968103	6628.081914
0.021000	3.677119	-72.099972	7090.710837
0.022000	3.608629	-64.819500	7454.931885
0.023000	3.547586	-57.218419	7734.237325
0.024000	3.494272	-49.374703	7942.498222
0.025000	3.448896	-41.352627	8093.110699
0.026000	3.411609	-33.203602	8198.310157
0.027000	3.382518	-24.967604	8268.653692
0.028000	3.361693	-16.675051	8312.653162
0.029000	3.349179	-8.348978	8336.531953
0.030000	3.345000	-0.007404	8344.076659
0.031000	3.349164	8.334183	8336.559026
0.032000	3.361663	16.660298	8312.711808
0.033000	3.382474	24.952929	8268.752828
0.034000	3.411550	33.189052	8198.462918
0.035000	3.448823	41.338265	8093.334098
0.036000	3.494185	49.360608	7942.812621
0.037000	3.547485	57.204694	7734.665652
0.038000	3.608514	64.806271	7455.498570
0.039000	3.676991	72.087390	7091.440441
0.040000	3.752551	78.956341	6628.997475
0.041000	3.834731	85.308522	6056.049028
0.042000	3.922957	91.028343	5362.930925
0.043000	4.016536	95.992235	4543.521879
0.044000	4.114647	100.072698	3596.227499
0.045000	4.216345	103.143230	2524.749424
0.046000	4.320557	105.083887	1338.539175
0.047000	4.426100	105.787093	52.867431
0.048000	4.531689	105.163331	-1311.515188
0.049000	4.635962	103.146288	-2729.099077
0.050000	4.737503	99.697118	-4170.646221
0.051000	4.834875	94.807572	-5604.427146
0.052000	4.926646	88.501820	-6997.549042
0.053000	5.011425	80.836959	-8317.266840
0.054000	5.087896	71.902247	-9532.190465
0.055000	5.154846	61.817211	-1.061333e+004
0.056000	5.211196	50.728803	-1.153496e+004
0.057000	5.256026	38.807792	-1.227526e+004
0.058000	5.288597	26.244583	-1.281684e+004
0.059000	5.308369	13.244623	-1.314706e+004
0.060000	5.315013	0.023527	-1.325826e+004
0.061000	5.308416	-13.197962	-1.314785e+004
0.062000	5.288690	-26.199093	-1.281839e+004
0.063000	5.256164	-38.764222	-1.227754e+004
0.064000	5.211376	-50.687859	-1.153792e+004
0.065000	5.155065	-61.779537	-1.061690e+004
0.066000	5.088151	-71.868409	-9536.280299
0.067000	5.011712	-80.807433	-8321.781917
0.068000	4.926960	-88.476977	-7002.381672
0.069000	4.835212	-94.787673	-5609.462865
0.070000	4.737857	-99.682307	-4175.767806
0.071000	4.636328	-103.136592	-2734.191060
0.072000	4.532062	-105.158667	-1316.468598
0.073000	4.426475	-105.787271	48.150452
0.074000	4.320930	-105.088628	1334.141278
0.075000	4.216711	-103.152182	2520.734892
0.076000	4.115003	-100.085453	3592.640331
0.077000	4.016877	-96.008353	4540.385306
0.078000	3.923281	-91.047370	5360.248362
0.079000	3.835034	-85.330010	6053.806294
0.080000	3.752831	-78.979864	6627.165961
0.081000	3.677247	-72.112555	7089.980856
0.082000	3.608744	-64.832730	7454.364843
0.083000	3.547688	-57.232144	7733.808666
0.084000	3.494360	-49.388798	7942.183523
0.085000	3.448970	-41.366989	8092.887037
0.086000	3.411668	-33.218151	8198.157177
0.087000	3.382562	-24.982277	8268.554382
0.088000	3.361722	-16.689803	8312.594386
0.089000	3.349194	-8.363772	8336.504795
0.090000	3.345000	-0.022212	8344.076611
0.091000	3.349149	8.319388	8336.586080
0.092000	3.361634	16.645546	8312.770455
0.093000	3.382429	24.938255	8268.851971
0.094000	3.411491	33.174503	8198.615677
0.095000	3.448749	41.323902	8093.557472
0.096000	3.494097	49.346512	7943.126956
0.097000	3.547383	57.190968	7735.093862
0.098000	3.608399	64.793040	7456.065076
0.099000	3.676863	72.074805	7092.169801
0.100000	3.752411	78.944577	6629.912730
0.101000	3.834580	85.297773	6057.169839
0.102000	3.922796	91.018824	5364.271616
0.103000	4.016366	95.984171	4545.089571
0.104000	4.114470	100.066314	3598.020516
0.105000	4.216162	103.138748	2526.756184
0.106000	4.320371	105.081509	1340.737711
0.107000	4.425912	105.786997	55.225629
0.108000	4.531502	105.165657	-1309.038631
0.109000	4.635779	103.151129	-2726.553076
0.110000	4.737326	99.704517	-4168.085256
0.111000	4.834707	94.817516	-5601.908950
0.112000	4.926489	88.514236	-6995.132234
0.113000	5.011282	80.851717	-8315.008667
0.114000	5.087769	71.919161	-9530.144788
0.115000	5.154736	61.836044	-1.061155e+004
0.116000	5.211106	50.749272	-1.153347e+004
0.117000	5.255957	38.829575	-1.227411e+004
0.118000	5.288551	26.267328	-1.281606e+004
0.119000	5.308346	13.267954	-1.314667e+004
0.120000	5.315013	0.047056	-1.325825e+004
0.121000	5.308440	-13.174629	-1.314824e+004
0.122000	5.288737	-26.176344	-1.281917e+004
0.123000	5.256232	-38.742433	-1.227868e+004
0.124000	5.211466	-50.667382	-1.153939e+004
0.125000	5.155175	-61.760695	-1.061868e+004
0.126000	5.088279	-71.851484	-9538.324708
0.127000	5.011856	-80.792662	-8324.039095
0.128000	4.927117	-88.464548	-7004.797783
0.129000	4.835380	-94.777716	-5611.980674
0.130000	4.738034	-99.674894	-4178.328697
0.131000	4.636511	-103.131738	-2736.737287
0.132000	4.532248	-105.156328	-1318.945658
0.133000	4.426663	-105.787354	45.791507
0.134000	4.321117	-105.090994	1331.941799
0.135000	4.216894	-103.156654	2518.727045
0.136000	4.115180	-100.091827	3590.846138
0.137000	4.017047	-96.016409	4538.816402
0.138000	3.923442	-91.056881	5358.906473
0.139000	3.835186	-85.340752	6052.684344
0.140000	3.752972	-78.991624	6626.249659
0.141000	3.677375	-72.125137	7089.250564
0.142000	3.608859	-64.845958	7453.797533
0.143000	3.547789	-57.245869	7733.379783
0.144000	3.494448	-49.402892	7941.868643
0.145000	3.449043	-41.381351	8092.663233
0.146000	3.411727	-33.232699	8198.004088
0.147000	3.382606	-24.996951	8268.454989
0.148000	3.361752	-16.704555	8312.535548
0.149000	3.349208	-8.378566	8336.477585
0.150000	3.345000	-0.037020	8344.076516
0.151000	3.349134	8.304594	8336.613083
0.152000	3.361604	16.630794	8312.829040
0.153000	3.382385	24.923581	8268.951032
0.154000	3.411433	33.159953	8198.768326
0.155000	3.448676	41.309539	8093.780704
0.156000	3.494010	49.332416	7943.441109
0.157000	3.547282	57.177241	7735.521848
0.158000	3.608284	64.779808	7456.631314
0.159000	3.676735	72.062218	7092.898850
0.160000	3.752271	78.932810	6630.827636
0.161000	3.834429	85.287023	6058.290270
0.162000	3.922634	91.009303	5365.611909
0.163000	4.016195	95.976103	4546.656858
0.164000	4.114292	100.059927	3599.813140
0.165000	4.215979	103.134262	2528.762581
0.166000	4.320184	105.079128	1342.935932
0.167000	4.425724	105.786897	57.583579
0.168000	4.531315	105.167977	-1306.562242
0.169000	4.635595	103.155965	-2724.007151
0.170000	4.737150	99.711912	-4165.524266
0.171000	4.834539	94.827455	-5599.390627
0.172000	4.926332	88.526648	-6992.715196
0.173000	5.011138	80.866471	-8312.750164
0.174000	5.087641	71.936072	-9528.098689
0.175000	5.154627	61.854874	-1.060976e+004
0.176000	5.211016	50.769738	-1.153199e+004
0.177000	5.255888	38.851356	-1.227297e+004
0.178000	5.288504	26.290071	-1.281528e+004
0.179000	5.308322	13.291284	-1.314627e+004
0.180000	5.315012	0.070584	-1.325825e+004
0.181000	5.308463	-13.151296	-1.314863e+004
0.182000	5.288783	-26.153594	-1.281994e+004
0.183000	5.256301	-38.720642	-1.227982e+004
0.184000	5.211556	-50.646903	-1.154087e+004
0.185000	5.155285	-61.741849	-1.062046e+004
0.186000	5.088406	-71.834555	-9540.368693
0.187000	5.011999	-80.777888	-8326.295943
0.188000	4.927274	-88.452115	-7007.213661
0.189000	4.835548	-94.767754	-5614.498354
0.190000	4.738211	-99.667477	-4180.889563
0.191000	4.636694	-103.126879	-2739.283591
0.192000	4.532435	-105.153986	-1321.422887
0.193000	4.426851	-105.787434	43.432314
0.194000	4.321303	-105.093355	1329.742006
0.195000	4.217077	-103.161122	2516.718835
0.196000	4.115358	-100.098198	3589.051551
0.197000	4.017218	-96.024463	4537.247093
0.198000	3.923604	-91.066390	5357.564185
0.199000	3.835337	-85.351492	6051.562015
0.200000	3.753112	-79.003382	6625.333009
0.201000	3.677503	-72.137717	7088.519963
0.202000	3.608974	-64.859185	7453.229955
0.203000	3.547891	-57.259592	7732.950677
0.204000	3.494535	-49.416986	7941.553581
0.205000	3.449116	-41.395712	8092.439287
0.206000	3.411786	-33.247247	8197.850889
0.207000	3.382651	-25.011624	8268.355514
0.208000	3.361782	-16.719306	8312.476647
0.209000	3.349223	-8.393360	8336.450325
0.210000	3.345000	-0.051827	8344.076374
0.211000	3.349120	8.289800	8336.640035
0.212000	3.361575	16.616042	8312.887562
0.213000	3.382341	24.908907	8269.050010
0.214000	3.411374	33.145403	8198.920867
0.215000	3.448603	41.295175	8094.003793
0.216000	3.493922	49.318319	7943.755081
0.217000	3.547180	57.163512	7735.949611
0.218000	3.608169	64.766575	7457.197286
0.219000	3.676607	72.049630	7093.627589
0.220000	3.752131	78.921042	6631.742193
0.221000	3.834277	85.276271	6059.410322
0.222000	3.922473	90.999780	5366.951802
0.223000	4.016025	95.968033	4548.223741
0.224000	4.114115	100.053537	3601.605371
0.225000	4.215796	103.129773	2530.768615
0.226000	4.319998	105.076743	1345.133838
0.227000	4.425537	105.786793	59.941279
0.228000	4.531129	105.170294	-1304.086023
0.229000	4.635412	103.160797	-2721.461303
0.230000	4.736973	99.719302	-4162.963253
0.231000	4.834370	94.837389	-5596.872176
0.232000	4.926175	88.539055	-6990.297926
0.233000	5.010995	80.881221	-8310.491330
0.234000	5.087513	71.952979	-9526.052168
0.235000	5.154517	61.873701	-1.060798e+004
0.236000	5.210926	50.790202	-1.153051e+004
0.237000	5.255819	38.873135	-1.227183e+004
0.238000	5.288457	26.312812	-1.281451e+004
0.239000	5.308299	13.314614	-1.314588e+004
0.240000	5.315012	0.094113	-1.325825e+004
0.241000	5.308486	-13.127961	-1.314902e+004
0.242000	5.288830	-26.130843	-1.282071e+004
0.243000	5.256370	-38.698849	-1.228096e+004
0.244000	5.211646	-50.626421	-1.154235e+004
0.245000	5.155394	-61.723000	-1.062224e+004
0.246000	5.088534	-71.817623	-9542.412256
0.247000	5.012142	-80.763110	-8328.552459
0.248000	4.927431	-88.439678	-7009.629307
0.249000	4.835716	-94.757788	-5617.015906
0.250000	4.738388	-99.660055	-4183.450405
0.251000	4.636877	-103.122015	-2741.829969
0.252000	4.532622	-105.151638	-1323.900284
0.253000	4.427038	-105.787509	41.072872
0.254000	4.321490	-105.095713	1327.541899
0.255000	4.217260	-103.165586	2514.710262
0.256000	4.115536	-100.104565	3587.256572
0.257000	4.017388	-96.032513	4535.677381
0.258000	3.923765	-91.075896	5356.221499
0.259000	3.835488	-85.362231	6050.439306
0.260000	3.753252	-79.015139	6624.416009
0.261000	3.677631	-72.150295	7087.789050
0.262000	3.609089	-64.872411	7452.662110
0.263000	3.547993	-57.273315	7732.521347
0.264000	3.494623	-49.431079	7941.238338
0.265000	3.449190	-41.410073	8092.215197
0.266000	3.411845	-33.261795	8197.697581
0.267000	3.382695	-25.026297	8268.255956
0.268000	3.361811	-16.734058	8312.417684
0.269000	3.349238	-8.408154	8336.423015
0.270000	3.345000	-0.066635	8344.076186
0.271000	3.349105	8.275005	8336.666937
0.272000	3.361545	16.601290	8312.946021
0.273000	3.382297	24.894232	8269.148906
0.274000	3.411315	33.130853	8199.073299
0.275000	3.448530	41.280811	8094.226739
0.276000	3.493835	49.304222	7944.068872
0.277000	3.547079	57.149784	7736.377150
0.278000	3.608054	64.753340	7457.762989
0.279000	3.676479	72.037041	7094.356018
0.280000	3.751991	78.909272	6632.656402
0.281000	3.834126	85.265517	6060.529995
0.282000	3.922311	90.990255	5368.291297
0.283000	4.015855	95.959961	4549.790221
0.284000	4.113937	100.047144	3603.397210
0.285000	4.215613	103.125280	2532.774285
0.286000	4.319811	105.074354	1347.331429
0.287000	4.425349	105.786684	62.298729
0.288000	4.530942	105.172606	-1301.609972
0.289000	4.635229	103.165624	-2718.915531
0.290000	4.736796	99.726687	-4160.402216
0.291000	4.834202	94.847319	-5594.353597
0.292000	4.926018	88.551458	-6987.880426
0.293000	5.010851	80.895967	-8308.232166
0.294000	5.087386	71.969882	-9524.005225
0.295000	5.154407	61.892524	-1.060619e+004
0.296000	5.210835	50.810663	-1.152903e+004
0.297000	5.255750	38.894912	-1.227068e+004
0.298000	5.288411	26.335553	-1.281373e+004
0.299000	5.308275	13.337942	-1.314548e+004
0.300000	5.315012	0.117641	-1.325825e+004
0.301000	5.308510	-13.104626	-1.314941e+004
0.302000	5.288876	-26.108090	-1.282149e+004
0.303000	5.256438	-38.677054	-1.228210e+004
0.304000	5.211735	-50.605936	-1.154383e+004
0.305000	5.155504	-61.704148	-1.062403e+004
0.306000	5.088661	-71.800687	-9544.455397
0.307000	5.012286	-80.748328	-8330.808644
0.308000	4.927588	-88.427236	-7012.044721
0.309000	4.835884	-94.747818	-5619.533329
0.310000	4.738565	-99.652629	-4186.011221
0.311000	4.637060	-103.117147	-2744.376423
0.312000	4.532808	-105.149287	-1326.377849
0.313000	4.427226	-105.787579	38.713182
0.314000	4.321676	-105.098067	1325.341477
0.315000	4.217443	-103.170047	2512.701327
0.316000	4.115713	-100.110930	3585.461201
0.317000	4.017558	-96.040561	4534.107265
0.318000	3.923927	-91.085400	5354.878413
0.319000	3.835640	-85.372967	6049.316218
0.320000	3.753392	-79.026894	6623.498660
0.321000	3.677759	-72.162873	7087.057827
0.322000	3.609204	-64.885636	7452.093997
0.323000	3.548094	-57.287037	7732.091793
0.324000	3.494711	-49.445171	7940.922914
0.325000	3.449263	-41.424434	8091.990965
0.326000	3.411904	-33.276343	8197.544164
0.327000	3.382740	-25.040970	8268.156316
0.328000	3.361841	-16.748809	8312.358657
0.329000	3.349253	-8.422948	8336.395653
0.330000	3.345000	-0.081442	8344.075950
0.331000	3.349090	8.260211	8336.693788
0.332000	3.361516	16.586537	8313.004417
0.333000	3.382252	24.879557	8269.247720
0.334000	3.411256	33.116303	8199.225621
0.335000	3.448456	41.266447	8094.449544
0.336000	3.493747	49.290124	7944.382482
0.337000	3.546977	57.136054	7736.804467
0.338000	3.607939	64.740105	7458.328426
0.339000	3.676351	72.024450	7095.084137
0.340000	3.751851	78.897501	6633.570263
0.341000	3.833975	85.254761	6061.649288
0.342000	3.922150	90.980727	5369.630393
0.343000	4.015684	95.951885	4551.356296
0.344000	4.113760	100.040748	3605.188655
0.345000	4.215430	103.120783	2534.779593
0.346000	4.319625	105.071961	1349.528705
0.347000	4.425161	105.786572	64.655930
0.348000	4.530755	105.174914	-1299.134091
0.349000	4.635046	103.170447	-2716.369836
0.350000	4.736619	99.734068	-4157.841155
0.351000	4.834034	94.857245	-5591.834891
0.352000	4.925860	88.563857	-6985.462694
0.353000	5.010708	80.910709	-8305.972672
0.354000	5.087258	71.986782	-9521.957860
0.355000	5.154297	61.911345	-1.060440e+004
0.356000	5.210745	50.831121	-1.152755e+004
0.357000	5.255681	38.916686	-1.226954e+004
0.358000	5.288364	26.358291	-1.281295e+004
0.359000	5.308251	13.361270	-1.314509e+004
0.360000	5.315012	0.141169	-1.325824e+004
0.361000	5.308533	-13.081291	-1.314980e+004
0.362000	5.288922	-26.085336	-1.282226e+004
0.363000	5.256507	-38.655257	-1.228323e+004
0.364000	5.211825	-50.585449	-1.154530e+004
0.365000	5.155613	-61.685293	-1.062581e+004
0.366000	5.088789	-71.783747	-9546.498114
0.367000	5.012429	-80.733542	-8333.064497
0.368000	4.927745	-88.414790	-7014.459902
0.369000	4.836053	-94.737843	-5622.050622
0.370000	4.738742	-99.645198	-4188.572012
0.371000	4.637243	-103.112275	-2746.922952
0.372000	4.532995	-105.146931	-1328.855581
0.373000	4.427414	-105.787646	36.353243
0.374000	4.321863	-105.100417	1323.140742
