   1.8050000e+02   1.3465152e+02   1.7888889e+02   4.0888889e+01
   1.9872308e+02   1.8173846e+02   1.9741667e+02   4.1166667e+01
   2.1681818e+02   2.2416667e+02   2.1600000e+02   4.1138889e+01
   2.3453968e+02   2.6155556e+02   2.3465789e+02   4.1078947e+01
   2.5270769e+02   2.9433846e+02   2.5317949e+02   4.0923077e+01
   2.7057377e+02   3.2250820e+02   2.7194872e+02   4.0794872e+01
   2.8850000e+02   3.4561290e+02   2.9045946e+02   4.0837838e+01
   3.0628571e+02   3.6452381e+02   3.0891667e+02   4.0888889e+01
   3.2418182e+02   3.7862121e+02   3.2754054e+02   4.0756757e+01
   3.4201515e+02   3.8781818e+02   3.4631579e+02   4.0710526e+01
   3.5987097e+02   3.9232258e+02   3.6441026e+02   4.0717949e+01
   3.7756923e+02   3.9210769e+02   3.8308108e+02   4.0648649e+01
   3.9526087e+02   3.8720290e+02   4.0138462e+02   4.0641026e+01
   4.1295385e+02   3.7778462e+02   4.1976190e+02   4.0357143e+01
   4.3082812e+02   3.6337500e+02   4.3800000e+02   4.0454545e+01
   4.4863934e+02   3.4431148e+02   4.5637778e+02   4.0311111e+01
   4.6616923e+02   3.2098462e+02   4.7477083e+02   4.0125000e+01
   4.8398630e+02   2.9243836e+02   4.9300000e+02   4.0127660e+01
   5.0150000e+02   2.5916216e+02   5.1120833e+02   3.9979167e+01
   5.1930882e+02   2.2175000e+02   5.2950000e+02   4.0000000e+01
   5.3691781e+02   1.7920548e+02   5.4800000e+02   3.9872340e+01
   5.5459756e+02   1.3231707e+02   5.6650943e+02   3.9924528e+01
