Final_model
19:29:59  5/ 4/2022
P-V-A x of Circle 52				P-V-A y of Circle 52
t	Px	Vx	Ax	t	Py	Vy	Ay
0.000000	-0.051600	0.000000	398.125552	0.000000	-0.839570	0.000000	0.715384
0.004000	-0.048763	0.710254	0.426697	0.004000	-0.839566	0.000892	-0.095787
0.008000	-0.045918	0.711961	0.426679	0.008000	-0.839563	0.000507	-0.096269
0.012000	-0.043067	0.713667	0.426481	0.012000	-0.839562	0.000122	-0.096418
0.016000	-0.040209	0.715372	0.426088	0.016000	-0.839562	-0.000264	-0.096235
0.020000	-0.037344	0.717075	0.425485	0.020000	-0.839564	-0.000648	-0.095718
0.024000	-0.034472	0.718776	0.424656	0.024000	-0.839567	-0.001029	-0.094868
0.028000	-0.031594	0.720472	0.423587	0.028000	-0.839572	-0.001406	-0.093684
0.032000	-0.028709	0.722164	0.422264	0.032000	-0.839578	-0.001778	-0.092169
0.036000	-0.025816	0.723850	0.420673	0.036000	-0.839586	-0.002143	-0.090324
0.040000	-0.022918	0.725529	0.418800	0.040000	-0.839596	-0.002500	-0.088151
0.044000	-0.020012	0.727200	0.416634	0.044000	-0.839606	-0.002848	-0.085653
0.048000	-0.017100	0.728862	0.414160	0.048000	-0.839618	-0.003185	-0.082834
0.052000	-0.014181	0.730513	0.411368	0.052000	-0.839632	-0.003510	-0.079698
0.056000	-0.011256	0.732152	0.408246	0.056000	-0.839646	-0.003822	-0.076249
0.060000	-0.008324	0.733778	0.404783	0.060000	-0.839662	-0.004120	-0.072493
0.064000	-0.005386	0.735390	0.400970	0.064000	-0.839679	-0.004402	-0.068435
0.068000	-0.002441	0.736986	0.396797	0.068000	-0.839697	-0.004667	-0.064082
0.072000	0.000510	0.738564	0.392255	0.072000	-0.839717	-0.004914	-0.059441
0.076000	0.003467	0.740123	0.387336	0.076000	-0.839737	-0.005142	-0.054520
0.080000	0.006431	0.741662	0.382031	0.080000	-0.839758	-0.005350	-0.049325
0.084000	0.009401	0.743179	0.376335	0.084000	-0.839779	-0.005536	-0.043865
0.088000	0.012376	0.744672	0.370241	0.088000	-0.839802	-0.005700	-0.038150
0.092000	0.015358	0.746140	0.363744	0.092000	-0.839825	-0.005841	-0.032188
0.096000	0.018345	0.747582	0.356837	0.096000	-0.839849	-0.005957	-0.025989
0.100000	0.021339	0.748994	0.349518	0.100000	-0.839873	-0.006049	-0.019563
0.104000	0.024337	0.750377	0.341782	0.104000	-0.839897	-0.006114	-0.012920
0.108000	0.027342	0.751728	0.333626	0.108000	-0.839922	-0.006152	-0.006072
0.112000	0.030351	0.753046	0.325048	0.112000	-0.839946	-0.006162	0.000972
0.116000	0.033366	0.754328	0.316046	0.116000	-0.839971	-0.006144	0.008199
0.120000	0.036386	0.755573	0.306618	0.120000	-0.839995	-0.006096	0.015599
0.124000	0.039410	0.756780	0.296765	0.124000	-0.840020	-0.006019	0.023159
0.128000	0.042440	0.757947	0.286484	0.128000	-0.840043	-0.005911	0.030868
0.132000	0.045474	0.759072	0.275778	0.132000	-0.840067	-0.005772	0.038713
0.136000	0.048512	0.760153	0.264647	0.136000	-0.840090	-0.005601	0.046683
0.140000	0.051555	0.761188	0.253091	0.140000	-0.840112	-0.005398	0.054766
0.144000	0.054602	0.762177	0.241113	0.144000	-0.840133	-0.005163	0.062949
0.148000	0.057652	0.763117	0.228714	0.148000	-0.840153	-0.004894	0.071220
0.152000	0.060707	0.764006	0.215898	0.152000	-0.840172	-0.004593	0.079567
0.156000	0.063764	0.764843	0.202666	0.156000	-0.840190	-0.004258	0.087977
0.160000	0.066825	0.765627	0.189023	0.160000	-0.840206	-0.003889	0.096438
0.164000	0.069889	0.766355	0.174970	0.164000	-0.840221	-0.003486	0.104939
0.168000	0.072956	0.767026	0.160513	0.168000	-0.840234	-0.003049	0.113467
0.172000	0.076026	0.767638	0.145654	0.172000	-0.840245	-0.002578	0.122011
0.176000	0.079097	0.768191	0.130398	0.176000	-0.840254	-0.002073	0.130558
0.180000	0.082171	0.768681	0.114749	0.180000	-0.840261	-0.001534	0.139097
0.184000	0.085247	0.769108	0.098711	0.184000	-0.840266	-0.000960	0.147618
0.188000	0.088324	0.769470	0.082288	0.188000	-0.840269	-0.000353	0.156108
0.192000	0.091402	0.769766	0.065485	0.192000	-0.840269	0.000288	0.164556
0.196000	0.094482	0.769994	0.048307	0.196000	-0.840267	0.000963	0.172953
0.200000	0.097562	0.770152	0.030758	0.200000	-0.840261	0.001672	0.181287
0.204000	0.100643	0.770239	0.012843	0.204000	-0.840253	0.002414	0.189549
0.208000	0.103724	0.770254	-0.005435	0.208000	-0.840242	0.003188	0.197727
0.212000	0.106805	0.770195	-0.024070	0.212000	-0.840228	0.003995	0.205814
0.216000	0.109885	0.770061	-0.043058	0.216000	-0.840210	0.004835	0.213799
0.220000	0.112965	0.769850	-0.062396	0.220000	-0.840189	0.005706	0.221672
0.224000	0.116044	0.769562	-0.082078	0.224000	-0.840164	0.006608	0.229426
0.228000	0.119122	0.769193	-0.102101	0.228000	-0.840136	0.007541	0.237052
0.232000	0.122198	0.768744	-0.122460	0.232000	-0.840104	0.008504	0.244541
0.236000	0.125271	0.768213	-0.143153	0.236000	-0.840068	0.009497	0.251886
0.240000	0.128343	0.767599	-0.164176	0.240000	-0.840028	0.010519	0.259079
0.244000	0.131412	0.766899	-0.185525	0.244000	-0.839984	0.011569	0.266112
0.248000	0.134478	0.766114	-0.207197	0.248000	-0.839935	0.012648	0.272978
0.252000	0.137541	0.765241	-0.229189	0.252000	-0.839883	0.013753	0.279671
0.256000	0.140600	0.764280	-0.251498	0.256000	-0.839825	0.014885	0.286184
0.260000	0.143655	0.763229	-0.274123	0.260000	-0.839764	0.016042	0.292511
0.264000	0.146706	0.762087	-0.297060	0.264000	-0.839697	0.017225	0.298646
0.268000	0.149752	0.760852	-0.320307	0.268000	-0.839626	0.018431	0.304583
0.272000	0.152792	0.759524	-0.343863	0.272000	-0.839550	0.019661	0.310317
0.276000	0.155828	0.758101	-0.367726	0.276000	-0.839468	0.020913	0.315843
0.280000	0.158857	0.756582	-0.391894	0.280000	-0.839382	0.022187	0.321156
0.284000	0.161880	0.754965	-0.416367	0.284000	-0.839291	0.023482	0.326252
0.288000	0.164897	0.753250	-0.441144	0.288000	-0.839194	0.024797	0.331125
0.292000	0.167906	0.751436	-0.466224	0.292000	-0.839092	0.026131	0.335773
0.296000	0.170908	0.749520	-0.491606	0.296000	-0.838985	0.027483	0.340192
0.300000	0.173902	0.747502	-0.517291	0.300000	-0.838873	0.028852	0.344377
0.304000	0.176888	0.745381	-0.543278	0.304000	-0.838754	0.030238	0.348326
0.308000	0.179865	0.743156	-0.569568	0.308000	-0.838631	0.031639	0.352035
0.312000	0.182833	0.740824	-0.596161	0.312000	-0.838501	0.033054	0.355503
0.316000	0.185791	0.738386	-0.623058	0.316000	-0.838366	0.034482	0.358725
0.320000	0.188740	0.735840	-0.650261	0.320000	-0.838225	0.035923	0.361700
0.324000	0.191678	0.733184	-0.677770	0.324000	-0.838079	0.037376	0.364426
0.328000	0.194605	0.730417	-0.705587	0.328000	-0.837926	0.038838	0.366901
0.332000	0.197521	0.727538	-0.733713	0.332000	-0.837768	0.040310	0.369123
0.336000	0.200425	0.724547	-0.762150	0.336000	-0.837604	0.041791	0.371091
0.340000	0.203317	0.721441	-0.790902	0.340000	-0.837434	0.043279	0.372804
0.344000	0.206197	0.718219	-0.819969	0.344000	-0.837258	0.044773	0.374260
0.348000	0.209063	0.714881	-0.849354	0.348000	-0.837076	0.046273	0.375458
0.352000	0.211916	0.711424	-0.879061	0.352000	-0.836887	0.047776	0.376399
0.356000	0.214754	0.707848	-0.909091	0.356000	-0.836693	0.049283	0.377082
0.360000	0.217578	0.704151	-0.939448	0.360000	-0.836493	0.050793	0.377507
0.364000	0.220387	0.700332	-0.970136	0.364000	-0.836287	0.052303	0.377673
0.368000	0.223181	0.696389	-1.001158	0.368000	-0.836075	0.053814	0.377582
0.372000	0.225958	0.692322	-1.032516	0.372000	-0.835857	0.055323	0.377233
0.376000	0.228719	0.688129	-1.064217	0.376000	-0.835632	0.056831	0.376628
0.380000	0.231463	0.683808	-1.096262	0.380000	-0.835402	0.058336	0.375768
0.384000	0.234190	0.679358	-1.128657	0.384000	-0.835166	0.059837	0.374654
0.388000	0.236898	0.674778	-1.161405	0.388000	-0.834923	0.061333	0.373287
0.392000	0.239588	0.670066	-1.194511	0.392000	-0.834675	0.062823	0.371669
0.396000	0.242258	0.665222	-1.227981	0.396000	-0.834421	0.064306	0.369803
0.400000	0.244909	0.660242	-1.261817	0.400000	-0.834160	0.065781	0.367690
0.404000	0.247540	0.655126	-1.296026	0.404000	-0.833894	0.067247	0.365334
0.408000	0.250150	0.649873	-1.330612	0.408000	-0.833622	0.068703	0.362736
0.412000	0.252739	0.644481	-1.365581	0.412000	-0.833345	0.070149	0.359901
0.416000	0.255306	0.638948	-1.400938	0.416000	-0.833061	0.071582	0.356831
0.420000	0.257850	0.633273	-1.436688	0.420000	-0.832772	0.073003	0.353531
0.424000	0.260372	0.627454	-1.472836	0.424000	-0.832477	0.074410	0.350005
0.428000	0.262870	0.621490	-1.509389	0.428000	-0.832177	0.075803	0.346256
0.432000	0.265343	0.615378	-1.546353	0.432000	-0.831871	0.077180	0.342290
0.436000	0.267792	0.609118	-1.583732	0.436000	-0.831559	0.078541	0.338112
0.440000	0.270216	0.602708	-1.621533	0.440000	-0.831243	0.079885	0.333728
0.444000	0.272614	0.596146	-1.659763	0.444000	-0.830920	0.081210	0.329143
0.448000	0.274985	0.589429	-1.698426	0.448000	-0.830593	0.082518	0.324363
0.452000	0.277329	0.582558	-1.737531	0.452000	-0.830260	0.083805	0.319395
0.456000	0.279645	0.575529	-1.777082	0.456000	-0.829923	0.085072	0.314248
0.460000	0.281933	0.568340	-1.817086	0.460000	-0.829580	0.086319	0.308927
0.464000	0.284192	0.560991	-1.857549	0.464000	-0.829232	0.087544	0.303441
0.468000	0.286421	0.553479	-1.898479	0.468000	-0.828879	0.088746	0.297799
0.472000	0.288619	0.545803	-1.939881	0.472000	-0.828522	0.089926	0.292009
0.476000	0.290787	0.537960	-1.981763	0.476000	-0.828160	0.091082	0.286083
0.480000	0.292923	0.529948	-2.024130	0.480000	-0.827793	0.092214	0.280028
0.484000	0.295026	0.521766	-2.066989	0.484000	-0.827422	0.093322	0.273857
0.488000	0.297097	0.513411	-2.110347	0.488000	-0.827047	0.094405	0.267580
0.492000	0.299133	0.504882	-2.154210	0.492000	-0.826667	0.095463	0.261210
0.496000	0.301136	0.496177	-2.198586	0.496000	-0.826283	0.096495	0.254759
0.500000	0.303103	0.487293	-2.243480	0.500000	-0.825895	0.097501	0.248240
0.504000	0.305034	0.478229	-2.288898	0.504000	-0.825503	0.098480	0.241668
0.508000	0.306928	0.468981	-2.334848	0.508000	-0.825107	0.099434	0.235056
0.512000	0.308785	0.459549	-2.381335	0.512000	-0.824708	0.100361	0.228421
0.516000	0.310604	0.449930	-2.428365	0.516000	-0.824305	0.101261	0.221779
0.520000	0.312385	0.440121	-2.475945	0.520000	-0.823898	0.102135	0.215146
0.524000	0.314125	0.430122	-2.524080	0.524000	-0.823488	0.102982	0.208541
0.528000	0.315825	0.419928	-2.572776	0.528000	-0.823074	0.103803	0.201982
0.532000	0.317484	0.409539	-2.622038	0.532000	-0.822657	0.104598	0.195489
0.536000	0.319101	0.398951	-2.671871	0.536000	-0.822237	0.105368	0.189082
0.540000	0.320676	0.388163	-2.722280	0.540000	-0.821814	0.106111	0.182784
0.544000	0.322206	0.377172	-2.773270	0.544000	-0.821388	0.106830	0.176616
0.548000	0.323693	0.365976	-2.824844	0.548000	-0.820960	0.107524	0.170602
0.552000	0.325134	0.354572	-2.877006	0.552000	-0.820528	0.108195	0.164768
0.556000	0.326529	0.342959	-2.929761	0.556000	-0.820094	0.108843	0.159138
0.560000	0.327877	0.331134	-2.983109	0.560000	-0.819657	0.109468	0.153741
0.564000	0.329178	0.319093	-3.037054	0.564000	-0.819218	0.110073	0.148603
0.568000	0.330430	0.306836	-3.091596	0.568000	-0.818777	0.110658	0.143755
0.572000	0.331632	0.294360	-3.146738	0.572000	-0.818333	0.111224	0.139228
0.576000	0.332784	0.281662	-3.202479	0.576000	-0.817887	0.111772	0.135052
0.580000	0.333885	0.268739	-3.258818	0.580000	-0.817439	0.112304	0.131263
0.584000	0.334934	0.255590	-3.315755	0.584000	-0.816989	0.112823	0.127894
0.588000	0.335930	0.242212	-3.373285	0.588000	-0.816536	0.113328	0.124981
0.592000	0.336871	0.228603	-3.431407	0.592000	-0.816082	0.113823	0.122564
0.596000	0.337758	0.214760	-3.490115	0.596000	-0.815626	0.114309	0.120680
0.600000	0.338589	0.200681	-3.549403	0.600000	-0.815168	0.114789	0.119371
0.604000	0.339363	0.186364	-3.609265	0.604000	-0.814708	0.115265	0.118679
0.608000	0.340080	0.171807	-3.669692	0.608000	-0.814245	0.115740	0.118649
0.612000	0.340737	0.157006	-3.730674	0.612000	-0.813782	0.116215	0.119325
0.616000	0.341335	0.141960	-3.792198	0.616000	-0.813316	0.116695	0.120756
0.620000	0.341873	0.126668	-3.854252	0.620000	-0.812848	0.117182	0.122991
0.624000	0.342348	0.111126	-3.916819	0.624000	-0.812378	0.117680	0.126080
0.628000	0.342761	0.095333	-3.979883	0.628000	-0.811907	0.118192	0.130077
0.632000	0.343111	0.079286	-4.043424	0.632000	-0.811433	0.118722	0.135037
0.636000	0.343395	0.062985	-4.107419	0.636000	-0.810957	0.119274	0.141014
0.640000	0.343614	0.046426	-4.171843	0.640000	-0.810479	0.119852	0.148070
0.644000	0.343766	0.029609	-4.236670	0.644000	-0.809998	0.120460	0.156262
0.648000	0.343851	0.012532	-4.301869	0.648000	-0.809515	0.121103	0.165654
0.652000	0.343866	-0.004806	-4.367407	0.652000	-0.809029	0.121787	0.176310
0.656000	0.343812	-0.022407	-4.433246	0.656000	-0.808540	0.122516	0.188296
0.660000	0.343687	-0.040272	-4.499347	0.660000	-0.808049	0.123295	0.201679
0.664000	0.343489	-0.058402	-4.565664	0.664000	-0.807554	0.124131	0.216530
0.668000	0.343219	-0.076798	-4.632151	0.668000	-0.807056	0.125029	0.232920
0.672000	0.342875	-0.095460	-4.698755	0.672000	-0.806554	0.125997	0.250922
0.676000	0.342455	-0.114388	-4.765418	0.676000	-0.806048	0.127039	0.270611
0.680000	0.341959	-0.133583	-4.832079	0.680000	-0.805537	0.128164	0.292065
0.684000	0.341386	-0.153045	-4.898671	0.684000	-0.805022	0.129378	0.315362
0.688000	0.340734	-0.172772	-4.965121	0.688000	-0.804502	0.130689	0.340581
0.692000	0.340004	-0.192765	-5.031352	0.692000	-0.803977	0.132105	0.367805
0.696000	0.339192	-0.213023	-5.097278	0.696000	-0.803445	0.133635	0.397115
0.700000	0.338299	-0.233543	-5.162810	0.700000	-0.802907	0.135285	0.428596
0.704000	0.337323	-0.254325	-5.227849	0.704000	-0.802363	0.137066	0.462332
0.708000	0.336264	-0.275365	-5.292291	0.708000	-0.801811	0.138987	0.498410
0.712000	0.335120	-0.296662	-5.356024	0.712000	-0.801251	0.141057	0.536915
0.716000	0.333890	-0.318212	-5.418928	0.716000	-0.800682	0.143286	0.577933
0.720000	0.332574	-0.340012	-5.480874	0.720000	-0.800104	0.145684	0.621552
0.724000	0.331170	-0.362058	-5.541725	0.724000	-0.799516	0.148262	0.667857
0.728000	0.329677	-0.384344	-5.601334	0.728000	-0.798918	0.151030	0.716934
0.732000	0.328095	-0.406866	-5.659546	0.732000	-0.798308	0.154001	0.768868
0.736000	0.326422	-0.429618	-5.716195	0.736000	-0.797685	0.157185	0.823743
0.740000	0.324658	-0.452594	-5.771104	0.740000	-0.797050	0.160595	0.881640
0.744000	0.322801	-0.475785	-5.824086	0.744000	-0.796400	0.164242	0.942637
0.748000	0.320851	-0.499184	-5.874942	0.748000	-0.795736	0.168140	1.006812
0.752000	0.318807	-0.522781	-5.923461	0.752000	-0.795055	0.172301	1.074238
0.756000	0.316669	-0.546568	-5.969422	0.756000	-0.794357	0.176739	1.144982
0.760000	0.314434	-0.570533	-6.012588	0.760000	-0.793641	0.181466	1.219110
0.764000	0.312104	-0.594664	-6.052713	0.764000	-0.792905	0.186496	1.296678
0.768000	0.309677	-0.618950	-6.089533	0.768000	-0.792148	0.191844	1.377740
0.772000	0.307152	-0.643376	-6.122775	0.772000	-0.791370	0.197523	1.462339
0.776000	0.304530	-0.667927	-6.152148	0.776000	-0.790568	0.203547	1.550511
0.780000	0.301809	-0.692588	-6.177349	0.780000	-0.789741	0.209932	1.642283
0.784000	0.298989	-0.717340	-6.198061	0.784000	-0.788888	0.216690	1.737671
0.788000	0.296070	-0.742166	-6.213949	0.788000	-0.788007	0.223838	1.836680
0.792000	0.293052	-0.767045	-6.224666	0.792000	-0.787096	0.231389	1.939300
0.796000	0.289934	-0.791956	-6.229851	0.796000	-0.786155	0.239357	2.045508
0.800000	0.286716	-0.816876	-6.229124	0.800000	-0.785181	0.247757	2.155266
0.804000	0.283399	-0.841780	-6.222093	0.804000	-0.784172	0.256604	2.268516
0.808000	0.279982	-0.866643	-6.208353	0.808000	-0.783127	0.265910	2.385182
0.812000	0.276466	-0.891438	-6.187481	0.812000	-0.782044	0.275690	2.505166
0.816000	0.272850	-0.916133	-6.159043	0.816000	-0.780921	0.285956	2.628350
0.820000	0.269137	-0.940699	-6.122591	0.820000	-0.779756	0.296720	2.754587
0.824000	0.265325	-0.965103	-6.077665	0.824000	-0.778547	0.307996	2.883705
0.828000	0.261416	-0.989309	-6.023793	0.828000	-0.777291	0.319794	3.015503
0.832000	0.257411	-1.013280	-5.960495	0.832000	-0.775988	0.332123	3.149745
0.836000	0.253310	-1.036979	-5.887280	0.836000	-0.774634	0.344995	3.286164
0.840000	0.249115	-1.060365	-5.803652	0.840000	-0.773227	0.358415	3.424454
0.844000	0.244828	-1.083394	-5.709109	0.844000	-0.771766	0.372392	3.564268
0.848000	0.240449	-1.106022	-5.603150	0.848000	-0.770247	0.386931	3.705218
0.852000	0.235980	-1.128203	-5.485270	0.852000	-0.768669	0.402035	3.846868
0.856000	0.231424	-1.149888	-5.354970	0.856000	-0.767030	0.417706	3.988731
0.860000	0.226782	-1.171026	-5.211760	0.860000	-0.765327	0.433944	4.130268
0.864000	0.222056	-1.191564	-5.055160	0.864000	-0.763558	0.450747	4.270882
0.868000	0.217250	-1.211449	-4.884708	0.868000	-0.761720	0.468109	4.409912
0.872000	0.212366	-1.230623	-4.699963	0.872000	-0.759812	0.486023	4.546633
0.876000	0.207406	-1.249029	-4.500515	0.876000	-0.757831	0.504478	4.680247
0.880000	0.202375	-1.266607	-4.285990	0.880000	-0.755776	0.523460	4.809879
0.884000	0.197275	-1.283296	-4.056056	0.884000	-0.753643	0.542951	4.934571
0.888000	0.192110	-1.299034	-3.810439	0.888000	-0.751431	0.562929	5.053277
0.892000	0.186884	-1.313758	-3.548929	0.892000	-0.749139	0.583367	5.164852
0.896000	0.181601	-1.327404	-3.271391	0.896000	-0.746764	0.604236	5.268050
0.900000	0.176266	-1.339908	-2.977784	0.900000	-0.744305	0.625499	5.361510
0.904000	0.170883	-1.351205	-2.668174	0.904000	-0.741759	0.647113	5.443750
0.908000	0.165458	-1.361232	-2.342751	0.908000	-0.739127	0.669032	5.513155
0.912000	0.159995	-1.369927	-2.001852	0.912000	-0.736407	0.691199	5.567967
0.916000	0.154500	-1.377227	-1.645981	0.916000	-0.733597	0.713553	5.606269
0.920000	0.148979	-1.383076	-1.275840	0.920000	-0.730698	0.736024	5.625974
0.924000	0.143438	-1.387416	-0.892352	0.924000	-0.727709	0.758533	5.624809
0.928000	0.137882	-1.390198	-0.496697	0.928000	-0.724630	0.780992	5.600295
0.932000	0.132318	-1.391375	-0.090351	0.932000	-0.721461	0.803301	5.549734
0.936000	0.126753	-1.390909	0.324879	0.936000	-0.718204	0.825351	5.470186
0.940000	0.121193	-1.388767	0.746809	0.940000	-0.714859	0.847020	5.358450
0.944000	0.115645	-1.384929	1.172829	0.944000	-0.711429	0.868171	5.211047
0.948000	0.110116	-1.379383	1.599852	0.948000	-0.707915	0.888655	5.024198
0.952000	0.104613	-1.372134	2.024268	0.952000	-0.704320	0.908307	4.793811
0.956000	0.099141	-1.363198	2.441882	0.956000	-0.700650	0.926942	4.515472
0.960000	0.093709	-1.352614	2.847871	0.960000	-0.696907	0.944360	4.184439
0.964000	0.088323	-1.340438	3.236734	0.964000	-0.693097	0.960340	3.795653
0.968000	0.082988	-1.326751	3.602259	0.968000	-0.689226	0.974641	3.343768
0.972000	0.077710	-1.311660	3.937505	0.972000	-0.685302	0.986999	2.823200
0.976000	0.072496	-1.295302	4.234802	0.976000	-0.681333	0.997128	2.228211
0.980000	0.067349	-1.277844	4.485794	0.980000	-0.677328	1.004718	1.553038
0.984000	0.062275	-1.259489	4.681519	0.984000	-0.673299	1.009438	0.792068
0.988000	0.057274	-1.240478	4.812547	0.988000	-0.669257	1.010933	-0.059912
0.992000	0.052351	-1.221088	4.869194	0.992000	-0.665216	1.008831	-1.007396
0.996000	0.047506	-1.201636	4.841817	0.996000	-0.661192	1.002742	-2.053744
1.000000	0.042738	-1.182478	4.721205	1.000000	-0.657200	0.992267	-3.200679
1.004000	0.038045	-1.164002	4.499072	1.004000	-0.653260	0.977003	-4.447687
1.008000	0.033424	-1.146630	4.168660	1.008000	-0.649391	0.956556	-5.791338
1.012000	0.028870	-1.130803	3.725421	1.012000	-0.645615	0.930553	-7.224550
1.016000	0.024375	-1.116979	3.167775	1.016000	-0.641955	0.898655	-8.735857
1.020000	0.019931	-1.105611	2.497874	1.020000	-0.638434	0.860583	-10.308734
1.024000	0.015526	-1.097137	1.722321	1.024000	-0.635079	0.816133	-11.921094
1.028000	0.011149	-1.091958	0.852760	1.028000	-0.631914	0.765199	-13.545056
1.032000	0.006786	-1.090418	-0.093774	1.032000	-0.628966	0.707801	-15.147121
1.036000	0.002421	-1.092781	-1.094839	1.036000	-0.626260	0.644102	-16.688854
1.040000	-0.001962	-1.099213	-2.122992	1.040000	-0.623821	0.574427	-18.128167
1.044000	-0.006378	-1.109759	-3.146687	1.044000	-0.621672	0.499272	-19.421208
1.048000	-0.010845	-1.124335	-4.131653	1.048000	-0.619833	0.419310	-20.524795
1.052000	-0.015378	-1.142714	-5.042717	1.052000	-0.618322	0.335379	-21.399224
1.056000	-0.019992	-1.164533	-5.845931	1.056000	-0.617154	0.248466	-22.011189
1.060000	-0.024698	-1.189297	-6.510806	1.060000	-0.616337	0.159673	-22.336487
1.064000	-0.029509	-1.216401	-7.012426	1.064000	-0.615877	0.070175	-22.362149
1.068000	-0.034432	-1.245155	-7.333195	1.068000	-0.615775	-0.018824	-22.087710
1.072000	-0.039472	-1.274813	-7.464002	1.072000	-0.616026	-0.106143	-21.525405
1.076000	-0.044630	-1.304613	-7.404671	1.076000	-0.616621	-0.190675	-20.699259
1.080000	-0.049908	-1.333808	-7.163653	1.080000	-0.617546	-0.271430	-19.643163
1.084000	-0.055299	-1.361701	-6.757010	1.084000	-0.618786	-0.347568	-18.398228
1.088000	-0.060799	-1.387672	-6.206855	1.088000	-0.620320	-0.418424	-17.009717
1.092000	-0.066397	-1.411199	-5.539451	1.092000	-0.622126	-0.483516	-15.523970
1.096000	-0.072084	-1.431869	-4.783198	1.096000	-0.624180	-0.542546	-13.985606
1.100000	-0.077848	-1.449385	-3.966723	1.100000	-0.626458	-0.595386	-12.435286
1.104000	-0.083675	-1.463559	-3.117240	1.104000	-0.628935	-0.642059	-10.908128
1.108000	-0.089552	-1.474311	-2.259297	1.108000	-0.631586	-0.682720	-9.432830
1.112000	-0.095465	-1.481651	-1.413928	1.112000	-0.634389	-0.717621	-8.031415
1.116000	-0.101401	-1.485663	-0.598225	1.116000	-0.637320	-0.747091	-6.719488
1.120000	-0.107346	-1.486494	0.174749	1.120000	-0.640359	-0.771509	-5.506857
1.124000	-0.113289	-1.484334	0.895761	1.124000	-0.643486	-0.791285	-4.398370
1.128000	-0.119217	-1.479405	1.559024	1.128000	-0.646683	-0.806836	-3.394851
1.132000	-0.125121	-1.471943	2.161699	1.132000	-0.649935	-0.818581	-2.494020
1.136000	-0.130990	-1.462193	2.703345	1.136000	-0.653227	-0.826920	-1.691350
1.140000	-0.136815	-1.450396	3.185382	1.140000	-0.656547	-0.832234	-0.980808
1.144000	-0.142590	-1.436785	3.610594	1.144000	-0.659882	-0.834880	-0.355466
1.148000	-0.148307	-1.421582	3.982686	1.148000	-0.663223	-0.835182	0.192014
1.152000	-0.153961	-1.404989	4.305922	1.152000	-0.666560	-0.833438	0.669022
1.156000	-0.159546	-1.387193	4.584831	1.156000	-0.669888	-0.829914	1.082735
1.160000	-0.165057	-1.368363	4.823982	1.160000	-0.673198	-0.824851	1.439950
1.164000	-0.170492	-1.348649	5.027816	1.164000	-0.676485	-0.818461	1.746974
1.168000	-0.175845	-1.328182	5.200538	1.168000	-0.679744	-0.810934	2.009574
1.172000	-0.181116	-1.307081	5.346039	1.172000	-0.682971	-0.802437	2.232962
1.176000	-0.186301	-1.285445	5.467858	1.176000	-0.686162	-0.793117	2.421801
1.180000	-0.191399	-1.263365	5.569170	1.180000	-0.689315	-0.783103	2.580237
1.184000	-0.196408	-1.240916	5.652783	1.184000	-0.692426	-0.772510	2.711937
1.188000	-0.201326	-1.218163	5.721157	1.188000	-0.695494	-0.761439	2.820129
1.192000	-0.206153	-1.195164	5.776427	1.192000	-0.698517	-0.749977	2.907647
1.196000	-0.210887	-1.171967	5.820429	1.196000	-0.701494	-0.738202	2.976981
1.200000	-0.215528	-1.148613	5.854729	1.200000	-0.704423	-0.726182	3.030308
1.204000	-0.220076	-1.125140	5.880658	1.204000	-0.707303	-0.713978	3.069541
1.208000	-0.224529	-1.101578	5.899336	1.208000	-0.710134	-0.701643	3.096356
1.212000	-0.228888	-1.077954	5.911701	1.212000	-0.712916	-0.689222	3.112228
1.216000	-0.233153	-1.054292	5.918539	1.216000	-0.715648	-0.676758	3.118454
1.220000	-0.237323	-1.030612	5.920500	1.220000	-0.718330	-0.664286	3.116181
1.224000	-0.241398	-1.006933	5.918122	1.224000	-0.720962	-0.651838	3.106423
1.228000	-0.245378	-0.983272	5.911853	1.228000	-0.723545	-0.639443	3.090080
1.232000	-0.249264	-0.959643	5.902060	1.232000	-0.726078	-0.627125	3.067953
1.236000	-0.253055	-0.936060	5.889047	1.236000	-0.728562	-0.614906	3.040759
1.240000	-0.256753	-0.912535	5.873064	1.240000	-0.730997	-0.602805	3.009140
1.244000	-0.260356	-0.889079	5.854322	1.244000	-0.733385	-0.590838	2.973669
1.248000	-0.263865	-0.865704	5.832995	1.248000	-0.735724	-0.579020	2.934867
1.252000	-0.267281	-0.842418	5.809232	1.252000	-0.738017	-0.567363	2.893200
1.256000	-0.270605	-0.819233	5.783161	1.256000	-0.740263	-0.555878	2.849092
1.260000	-0.273835	-0.796156	5.754891	1.260000	-0.742464	-0.544573	2.802925
1.264000	-0.276974	-0.773197	5.724522	1.264000	-0.744620	-0.533457	2.755046
1.268000	-0.280021	-0.750363	5.692144	1.268000	-0.746732	-0.522535	2.705771
1.272000	-0.282977	-0.727662	5.657839	1.272000	-0.748801	-0.511812	2.655385
1.276000	-0.285843	-0.705102	5.621685	1.276000	-0.750827	-0.501293	2.604147
1.280000	-0.288618	-0.682691	5.583758	1.280000	-0.752811	-0.490980	2.552295
1.284000	-0.291304	-0.660434	5.544131	1.284000	-0.754755	-0.480875	2.500041
1.288000	-0.293902	-0.638340	5.502875	1.288000	-0.756659	-0.470980	2.447578
1.292000	-0.296411	-0.616414	5.460063	1.292000	-0.758523	-0.461294	2.395082
1.296000	-0.298833	-0.594661	5.415764	1.296000	-0.760349	-0.451819	2.342711
1.300000	-0.301169	-0.573089	5.370051	1.300000	-0.762138	-0.442552	2.290607
1.304000	-0.303418	-0.551703	5.322995	1.304000	-0.763890	-0.433493	2.238898
1.308000	-0.305583	-0.530507	5.274668	1.308000	-0.765606	-0.424640	2.187697
1.312000	-0.307663	-0.509507	5.225141	1.312000	-0.767287	-0.415991	2.137106
1.316000	-0.309659	-0.488707	5.174487	1.316000	-0.768934	-0.407543	2.087215
1.320000	-0.311573	-0.468113	5.122777	1.320000	-0.770548	-0.399292	2.038103
1.324000	-0.313404	-0.447727	5.070083	1.324000	-0.772129	-0.391237	1.989840
1.328000	-0.315155	-0.427553	5.016477	1.328000	-0.773678	-0.383372	1.942485
1.332000	-0.316825	-0.407596	4.962027	1.332000	-0.775196	-0.375696	1.896090
1.336000	-0.318416	-0.387858	4.906805	1.336000	-0.776684	-0.368202	1.850698
1.340000	-0.319928	-0.368342	4.850879	1.340000	-0.778142	-0.360889	1.806345
1.344000	-0.321363	-0.349052	4.794316	1.344000	-0.779571	-0.353750	1.763060
1.348000	-0.322721	-0.329989	4.737182	1.348000	-0.780972	-0.346783	1.720867
1.352000	-0.324003	-0.311155	4.679541	1.352000	-0.782346	-0.339982	1.679784
1.356000	-0.325210	-0.292553	4.621458	1.356000	-0.783692	-0.333343	1.639822
1.360000	-0.326344	-0.274184	4.562992	1.360000	-0.785013	-0.326862	1.600988
1.364000	-0.327404	-0.256049	4.504202	1.364000	-0.786307	-0.320533	1.563287
1.368000	-0.328393	-0.238151	4.445147	1.368000	-0.787577	-0.314354	1.526716
1.372000	-0.329310	-0.220488	4.385882	1.372000	-0.788822	-0.308318	1.491272
1.376000	-0.330157	-0.203064	4.326459	1.376000	-0.790044	-0.302422	1.456946
1.380000	-0.330935	-0.185877	4.266931	1.380000	-0.791242	-0.296661	1.423729
1.384000	-0.331644	-0.168928	4.207345	1.384000	-0.792417	-0.291031	1.391606
1.388000	-0.332286	-0.152218	4.147748	1.388000	-0.793570	-0.285527	1.360563
1.392000	-0.332862	-0.135746	4.088186	1.392000	-0.794702	-0.280145	1.330581
1.396000	-0.333373	-0.119513	4.028701	1.396000	-0.795812	-0.274881	1.301641
1.400000	-0.333819	-0.103517	3.969334	1.400000	-0.796901	-0.269730	1.273721
1.404000	-0.334201	-0.087758	3.910122	1.404000	-0.797970	-0.264690	1.246800
1.408000	-0.334521	-0.072235	3.851102	1.408000	-0.799019	-0.259755	1.220853
1.412000	-0.334779	-0.056949	3.792308	1.412000	-0.800048	-0.254922	1.195857
1.416000	-0.334977	-0.041897	3.733772	1.416000	-0.801058	-0.250187	1.171784
1.420000	-0.335115	-0.027078	3.675526	1.420000	-0.802050	-0.245546	1.148610
1.424000	-0.335194	-0.012492	3.617596	1.424000	-0.803023	-0.240997	1.126308
1.428000	-0.335215	0.001863	3.560010	1.428000	-0.803978	-0.236535	1.104849
1.432000	-0.335179	0.015989	3.502793	1.432000	-0.804915	-0.232157	1.084208
1.436000	-0.335087	0.029886	3.445968	1.436000	-0.805835	-0.227860	1.064356
1.440000	-0.334940	0.043557	3.389557	1.440000	-0.806738	-0.223641	1.045266
1.444000	-0.334739	0.057003	3.333578	1.444000	-0.807624	-0.219497	1.026909
1.448000	-0.334485	0.070226	3.278052	1.448000	-0.808494	-0.215425	1.009259
1.452000	-0.334178	0.083228	3.222994	1.452000	-0.809348	-0.211422	0.992288
1.456000	-0.333819	0.096011	3.168421	1.456000	-0.810186	-0.207485	0.975969
1.460000	-0.333410	0.108576	3.114347	1.460000	-0.811008	-0.203613	0.960275
1.464000	-0.332951	0.120926	3.060785	1.464000	-0.811815	-0.199802	0.945179
1.468000	-0.332443	0.133063	3.007746	1.468000	-0.812606	-0.196051	0.930655
1.472000	-0.331887	0.144989	2.955242	1.472000	-0.813383	-0.192357	0.916678
1.476000	-0.331283	0.156706	2.903283	1.476000	-0.814145	-0.188717	0.903222
1.480000	-0.330633	0.168216	2.851876	1.480000	-0.814893	-0.185130	0.890262
1.484000	-0.329938	0.179522	2.801030	1.484000	-0.815626	-0.181594	0.877775
1.488000	-0.329197	0.190625	2.750751	1.488000	-0.816346	-0.178107	0.865736
1.492000	-0.328413	0.201528	2.701046	1.492000	-0.817051	-0.174668	0.854123
1.496000	-0.327585	0.212234	2.651920	1.496000	-0.817743	-0.171274	0.842912
1.500000	-0.326715	0.222745	2.603377	1.500000	-0.818421	-0.167924	0.832082
1.504000	-0.325804	0.233062	2.555421	1.504000	-0.819086	-0.164617	0.821611
1.508000	-0.324851	0.243189	2.508055	1.508000	-0.819738	-0.161351	0.811479
1.512000	-0.323858	0.253127	2.461281	1.512000	-0.820377	-0.158124	0.801665
1.516000	-0.322826	0.262880	2.415103	1.516000	-0.821003	-0.154937	0.792150
1.520000	-0.321756	0.272449	2.369520	1.520000	-0.821617	-0.151787	0.782914
1.524000	-0.320647	0.281837	2.324534	1.524000	-0.822218	-0.148673	0.773940
1.528000	-0.319501	0.291046	2.280146	1.528000	-0.822806	-0.145595	0.765210
1.532000	-0.318319	0.300079	2.236355	1.532000	-0.823383	-0.142551	0.756706
1.536000	-0.317101	0.308937	2.193161	1.536000	-0.823947	-0.139541	0.748412
1.540000	-0.315848	0.317625	2.150564	1.540000	-0.824499	-0.136564	0.740312
1.544000	-0.314560	0.326143	2.108563	1.544000	-0.825039	-0.133618	0.732390
1.548000	-0.313239	0.334494	2.067156	1.548000	-0.825568	-0.130704	0.724632
1.552000	-0.311884	0.342681	2.026342	1.552000	-0.826085	-0.127821	0.717023
1.556000	-0.310497	0.350706	1.986120	1.556000	-0.826591	-0.124968	0.709551
1.560000	-0.309079	0.358571	1.946486	1.560000	-0.827085	-0.122144	0.702201
1.564000	-0.307629	0.366278	1.907440	1.564000	-0.827568	-0.119350	0.694960
1.568000	-0.306149	0.373831	1.868978	1.568000	-0.828040	-0.116585	0.687818
1.572000	-0.304639	0.381231	1.831098	1.572000	-0.828500	-0.113848	0.680762
1.576000	-0.303099	0.388480	1.793798	1.576000	-0.828950	-0.111138	0.673781
1.580000	-0.301531	0.395582	1.757075	1.580000	-0.829390	-0.108457	0.666865
1.584000	-0.299935	0.402538	1.720926	1.584000	-0.829818	-0.105803	0.660004
1.588000	-0.298311	0.409350	1.685348	1.588000	-0.830236	-0.103177	0.653187
1.592000	-0.296660	0.416021	1.650338	1.592000	-0.830644	-0.100578	0.646406
1.596000	-0.294983	0.422554	1.615893	1.596000	-0.831041	-0.098006	0.639653
1.600000	-0.293280	0.428949	1.582010	1.600000	-0.831428	-0.095461	0.632918
1.604000	-0.291551	0.435210	1.548685	1.604000	-0.831804	-0.092942	0.626194
1.608000	-0.289798	0.441339	1.515916	1.608000	-0.832171	-0.090451	0.619474
1.612000	-0.288021	0.447338	1.483699	1.612000	-0.832528	-0.087987	0.612750
1.616000	-0.286220	0.453210	1.452031	1.616000	-0.832875	-0.085549	0.606016
1.620000	-0.284395	0.458955	1.420909	1.620000	-0.833213	-0.083139	0.599266
1.624000	-0.282548	0.464578	1.390330	1.624000	-0.833540	-0.080755	0.592493
1.628000	-0.280679	0.470079	1.360289	1.628000	-0.833859	-0.078399	0.585693
1.632000	-0.278788	0.475461	1.330785	1.632000	-0.834168	-0.076070	0.578859
1.636000	-0.276875	0.480726	1.301814	1.636000	-0.834467	-0.073768	0.571988
1.640000	-0.274942	0.485876	1.273373	1.640000	-0.834758	-0.071494	0.565075
1.644000	-0.272989	0.490913	1.245458	1.644000	-0.835039	-0.069247	0.558116
1.648000	-0.271015	0.495840	1.218067	1.648000	-0.835312	-0.067029	0.551106
1.652000	-0.269022	0.500659	1.191196	1.652000	-0.835575	-0.064839	0.544043
1.656000	-0.267010	0.505371	1.164842	1.656000	-0.835830	-0.062677	0.536923
1.660000	-0.264979	0.509978	1.139003	1.660000	-0.836077	-0.060543	0.529743
1.664000	-0.262930	0.514483	1.113675	1.664000	-0.836315	-0.058439	0.522501
1.668000	-0.260863	0.518888	1.088856	1.668000	-0.836544	-0.056363	0.515194
1.672000	-0.258779	0.523195	1.064542	1.672000	-0.836766	-0.054317	0.507820
1.676000	-0.256678	0.527405	1.040731	1.676000	-0.836979	-0.052301	0.500377
1.680000	-0.254560	0.531521	1.017420	1.680000	-0.837184	-0.050314	0.492865
1.684000	-0.252426	0.535545	0.994606	1.684000	-0.837382	-0.048358	0.485281
1.688000	-0.250276	0.539479	0.972286	1.688000	-0.837571	-0.046432	0.477625
1.692000	-0.248110	0.543324	0.950458	1.692000	-0.837753	-0.044537	0.469895
1.696000	-0.245929	0.547083	0.929119	1.696000	-0.837927	-0.042673	0.462092
1.700000	-0.243734	0.550758	0.908266	1.700000	-0.838095	-0.040840	0.454214
1.704000	-0.241523	0.554350	0.887896	1.704000	-0.838254	-0.039039	0.446263
1.708000	-0.239299	0.557862	0.868008	1.708000	-0.838407	-0.037270	0.438237
1.712000	-0.237061	0.561295	0.848598	1.712000	-0.838552	-0.035534	0.430138
1.716000	-0.234809	0.564651	0.829663	1.716000	-0.838691	-0.033829	0.421966
1.720000	-0.232544	0.567933	0.811202	1.720000	-0.838823	-0.032158	0.413721
1.724000	-0.230265	0.571141	0.793212	1.724000	-0.838948	-0.030520	0.405406
1.728000	-0.227975	0.574279	0.775690	1.728000	-0.839067	-0.028915	0.397020
1.732000	-0.225671	0.577347	0.758633	1.732000	-0.839180	-0.027344	0.388566
1.736000	-0.223356	0.580349	0.742039	1.736000	-0.839286	-0.025806	0.380044
1.740000	-0.221029	0.583284	0.725906	1.740000	-0.839386	-0.024303	0.371458
1.744000	-0.218690	0.586156	0.710230	1.744000	-0.839481	-0.022835	0.362809
1.748000	-0.216339	0.588967	0.695009	1.748000	-0.839569	-0.021401	0.354099
1.752000	-0.213978	0.591717	0.680240	1.752000	-0.839652	-0.020002	0.345331
1.756000	-0.211606	0.594409	0.665921	1.756000	-0.839729	-0.018638	0.336506
1.760000	-0.209223	0.597045	0.652049	1.760000	-0.839801	-0.017310	0.327629
1.764000	-0.206829	0.599626	0.638620	1.764000	-0.839868	-0.016018	0.318702
1.768000	-0.204426	0.602155	0.625633	1.768000	-0.839929	-0.014761	0.309729
1.772000	-0.202012	0.604632	0.613083	1.772000	-0.839986	-0.013540	0.300712
1.776000	-0.199589	0.607060	0.600969	1.776000	-0.840038	-0.012355	0.291655
1.780000	-0.197156	0.609440	0.589286	1.780000	-0.840085	-0.011207	0.282563
1.784000	-0.194713	0.611775	0.578031	1.784000	-0.840127	-0.010095	0.273439
1.788000	-0.192262	0.614065	0.567201	1.788000	-0.840165	-0.009019	0.264287
1.792000	-0.189801	0.616313	0.556793	1.792000	-0.840199	-0.007980	0.255111
1.796000	-0.187331	0.618520	0.546802	1.796000	-0.840229	-0.006978	0.245916
1.800000	-0.184853	0.620688	0.537225	1.800000	-0.840255	-0.006013	0.236708
1.804000	-0.182366	0.622818	0.528058	1.804000	-0.840278	-0.005085	0.227490
1.808000	-0.179870	0.624913	0.519296	1.808000	-0.840296	-0.004193	0.218268
1.812000	-0.177367	0.626973	0.510936	1.812000	-0.840311	-0.003338	0.209046
1.816000	-0.174855	0.629001	0.502973	1.816000	-0.840323	-0.002521	0.199832
1.820000	-0.172335	0.630998	0.495402	1.820000	-0.840331	-0.001740	0.190629
1.824000	-0.169807	0.632965	0.488218	1.824000	-0.840337	-0.000996	0.181444
1.828000	-0.167271	0.634904	0.481415	1.828000	-0.840339	-0.000288	0.172284
1.832000	-0.164727	0.636816	0.474990	1.832000	-0.840339	0.000383	0.163153
1.836000	-0.162176	0.638704	0.468935	1.836000	-0.840336	0.001017	0.154058
1.840000	-0.159618	0.640568	0.463245	1.840000	-0.840331	0.001615	0.145007
1.844000	-0.157052	0.642411	0.457913	1.844000	-0.840323	0.002177	0.136005
1.848000	-0.154479	0.644232	0.452934	1.848000	-0.840314	0.002703	0.127059
1.852000	-0.151898	0.646035	0.448300	1.852000	-0.840302	0.003194	0.118177
1.856000	-0.149310	0.647819	0.444005	1.856000	-0.840288	0.003649	0.109364
1.860000	-0.146716	0.649587	0.440040	1.860000	-0.840273	0.004069	0.100630
1.864000	-0.144114	0.651340	0.436399	1.864000	-0.840256	0.004454	0.091981
1.868000	-0.141505	0.653079	0.433073	1.868000	-0.840237	0.004805	0.083424
1.872000	-0.138889	0.654805	0.430053	1.872000	-0.840217	0.005122	0.074967
1.876000	-0.136266	0.656519	0.427332	1.876000	-0.840196	0.005405	0.066619
1.880000	-0.133637	0.658224	0.424899	1.880000	-0.840174	0.005655	0.058386
1.884000	-0.131001	0.659919	0.422746	1.884000	-0.840151	0.005872	0.050278
1.888000	-0.128358	0.661606	0.420862	1.888000	-0.840127	0.006057	0.042301
1.892000	-0.125708	0.663286	0.419238	1.892000	-0.840103	0.006211	0.034465
1.896000	-0.123051	0.664960	0.417862	1.896000	-0.840078	0.006333	0.026777
1.900000	-0.120388	0.666629	0.416725	1.900000	-0.840052	0.006425	0.019245
1.904000	-0.117718	0.668294	0.415814	1.904000	-0.840026	0.006487	0.011879
1.908000	-0.115042	0.669956	0.415117	1.908000	-0.840000	0.006520	0.004685
1.912000	-0.112359	0.671616	0.414624	1.912000	-0.839974	0.006525	-0.002326
1.916000	-0.109669	0.673274	0.414321	1.916000	-0.839948	0.006502	-0.009148
1.920000	-0.106972	0.674930	0.414195	1.920000	-0.839922	0.006452	-0.015771
1.924000	-0.104269	0.676587	0.414234	1.924000	-0.839896	0.006376	-0.022188
1.928000	-0.101560	0.678245	0.414423	1.928000	-0.839871	0.006275	-0.028391
1.932000	-0.098843	0.679903	0.414750	1.932000	-0.839846	0.006149	-0.034370
1.936000	-0.096121	0.681563	0.415199	1.936000	-0.839822	0.006000	-0.040119
1.940000	-0.093391	0.683225	0.415757	1.940000	-0.839798	0.005828	-0.045629
1.944000	-0.090655	0.684889	0.416408	1.944000	-0.839775	0.005635	-0.050893
1.948000	-0.087912	0.686556	0.417137	1.948000	-0.839753	0.005422	-0.055903
1.952000	-0.085162	0.688226	0.417930	1.952000	-0.839732	0.005188	-0.060652
1.956000	-0.082406	0.689899	0.418770	1.956000	-0.839712	0.004937	-0.065133
1.960000	-0.079643	0.691576	0.419643	1.960000	-0.839693	0.004668	-0.069338
1.964000	-0.076873	0.693257	0.420531	1.964000	-0.839674	0.004382	-0.073261
1.968000	-0.074097	0.694941	0.421419	1.968000	-0.839657	0.004082	-0.076897
1.972000	-0.071314	0.696628	0.422290	1.972000	-0.839642	0.003768	-0.080238
1.976000	-0.068524	0.698319	0.423128	1.976000	-0.839627	0.003441	-0.083279
1.980000	-0.065727	0.700013	0.423918	1.980000	-0.839614	0.003102	-0.086015
1.984000	-0.062924	0.701710	0.424641	1.984000	-0.839603	0.002753	-0.088441
1.988000	-0.060114	0.703410	0.425282	1.988000	-0.839592	0.002395	-0.090552
1.992000	-0.057297	0.705112	0.425824	1.992000	-0.839583	0.002029	-0.092345
1.996000	-0.054473	0.706816	0.426252	1.996000	-0.839576	0.001656	-0.093816
2.000000	-0.051642	0.708522	0.426548	2.000000	-0.839570	0.001279	-0.094961
2.004000	-0.048805	0.710229	0.426696	2.004000	-0.839566	0.000897	-0.095777
2.008000	-0.045960	0.711935	0.426680	2.008000	-0.839563	0.000513	-0.096264
2.012000	-0.043109	0.713642	0.426485	2.012000	-0.839562	0.000128	-0.096419
2.016000	-0.040251	0.715347	0.426096	2.016000	-0.839562	-0.000258	-0.096240
2.020000	-0.037386	0.717050	0.425495	2.020000	-0.839564	-0.000642	-0.095728
2.024000	-0.034515	0.718751	0.424670	2.024000	-0.839567	-0.001023	-0.094883
2.028000	-0.031636	0.720447	0.423605	2.028000	-0.839572	-0.001401	-0.093704
2.032000	-0.028751	0.722139	0.422286	2.032000	-0.839578	-0.001772	-0.092194
2.036000	-0.025859	0.723825	0.420699	2.036000	-0.839586	-0.002138	-0.090353
2.040000	-0.022961	0.725504	0.418830	2.040000	-0.839595	-0.002495	-0.088185
2.044000	-0.020055	0.727175	0.416668	2.044000	-0.839606	-0.002843	-0.085692
2.048000	-0.017143	0.728837	0.414199	2.048000	-0.839618	-0.003180	-0.082878
2.052000	-0.014224	0.730489	0.411411	2.052000	-0.839631	-0.003505	-0.079746
2.056000	-0.011299	0.732128	0.408294	2.056000	-0.839646	-0.003818	-0.076302
2.060000	-0.008367	0.733755	0.404837	2.060000	-0.839662	-0.004115	-0.072550
2.064000	-0.005429	0.735366	0.401029	2.064000	-0.839679	-0.004398	-0.068497
2.068000	-0.002485	0.736962	0.396861	2.068000	-0.839697	-0.004663	-0.064149
2.072000	0.000466	0.738541	0.392325	2.072000	-0.839716	-0.004910	-0.059512
2.076000	0.003424	0.740100	0.387411	2.076000	-0.839736	-0.005139	-0.054594
2.080000	0.006387	0.741640	0.382112	2.080000	-0.839757	-0.005347	-0.049403
2.084000	0.009357	0.743157	0.376422	2.084000	-0.839779	-0.005534	-0.043948
2.088000	0.012332	0.744650	0.370334	2.088000	-0.839802	-0.005698	-0.038236
2.092000	0.015314	0.746119	0.363842	2.092000	-0.839825	-0.005839	-0.032277
2.096000	0.018301	0.747561	0.356942	2.096000	-0.839848	-0.005956	-0.026082
2.100000	0.021294	0.748974	0.349629	2.100000	-0.839872	-0.006047	-0.019659
2.104000	0.024293	0.750357	0.341899	2.104000	-0.839897	-0.006113	-0.013020
2.108000	0.027297	0.751709	0.333750	2.108000	-0.839921	-0.006151	-0.006174
2.112000	0.030307	0.753027	0.325178	2.112000	-0.839946	-0.006162	0.000867
2.116000	0.033321	0.754309	0.316182	2.116000	-0.839970	-0.006144	0.008091
2.120000	0.036341	0.755555	0.306761	2.120000	-0.839995	-0.006097	0.015488
2.124000	0.039366	0.756763	0.296913	2.124000	-0.840019	-0.006020	0.023046
2.128000	0.042395	0.757930	0.286639	2.128000	-0.840043	-0.005912	0.030753
2.132000	0.045429	0.759055	0.275939	2.132000	-0.840066	-0.005774	0.038596
2.136000	0.048468	0.760137	0.264814	2.136000	-0.840089	-0.005604	0.046565
2.140000	0.051510	0.761173	0.253264	2.140000	-0.840111	-0.005401	0.054646
2.144000	0.054557	0.762163	0.241293	2.144000	-0.840132	-0.005166	0.062828
2.148000	0.057607	0.763103	0.228900	2.148000	-0.840153	-0.004898	0.071097
2.152000	0.060662	0.763993	0.216090	2.152000	-0.840172	-0.004597	0.079443
2.156000	0.063719	0.764831	0.202865	2.156000	-0.840189	-0.004263	0.087852
2.160000	0.066780	0.765616	0.189227	2.160000	-0.840206	-0.003894	0.096313
2.164000	0.069844	0.766345	0.175181	2.164000	-0.840220	-0.003492	0.104813
2.168000	0.072911	0.767017	0.160729	2.168000	-0.840233	-0.003056	0.113341
2.172000	0.075980	0.767630	0.145876	2.172000	-0.840245	-0.002585	0.121885
2.176000	0.079052	0.768183	0.130626	2.176000	-0.840254	-0.002081	0.130432
2.180000	0.082126	0.768674	0.114982	2.180000	-0.840261	-0.001542	0.138972
2.184000	0.085201	0.769102	0.098950	2.184000	-0.840266	-0.000969	0.147492
2.188000	0.088278	0.769465	0.082533	2.188000	-0.840269	-0.000362	0.155983
2.192000	0.091357	0.769762	0.065736	2.192000	-0.840269	0.000279	0.164432
2.196000	0.094436	0.769991	0.048563	2.196000	-0.840267	0.000953	0.172830
2.200000	0.097517	0.770150	0.031020	2.200000	-0.840262	0.001661	0.181165
2.204000	0.100597	0.770239	0.013110	2.204000	-0.840253	0.002402	0.189427
2.208000	0.103678	0.770255	-0.005163	2.208000	-0.840242	0.003177	0.197607
2.212000	0.106759	0.770197	-0.023793	2.212000	-0.840228	0.003983	0.205695
2.216000	0.109840	0.770064	-0.042776	2.216000	-0.840210	0.004822	0.213682
2.220000	0.112920	0.769854	-0.062108	2.220000	-0.840189	0.005693	0.221557
2.224000	0.115999	0.769566	-0.081785	2.224000	-0.840165	0.006594	0.229313
2.228000	0.119076	0.769199	-0.101803	2.228000	-0.840137	0.007527	0.236941
2.232000	0.122152	0.768752	-0.122158	2.232000	-0.840105	0.008490	0.244432
2.236000	0.125226	0.768222	-0.142846	2.236000	-0.840069	0.009482	0.251779
2.240000	0.128298	0.767608	-0.163864	2.240000	-0.840029	0.010504	0.258974
2.244000	0.131367	0.766910	-0.185208	2.244000	-0.839985	0.011554	0.266009
2.248000	0.134433	0.766126	-0.206875	2.248000	-0.839936	0.012632	0.272878
2.252000	0.137496	0.765255	-0.228862	2.252000	-0.839883	0.013737	0.279574
2.256000	0.140555	0.764295	-0.251167	2.256000	-0.839826	0.014868	0.286089
2.260000	0.143610	0.763245	-0.273787	2.260000	-0.839765	0.016025	0.292419
2.264000	0.146661	0.762104	-0.296719	2.264000	-0.839698	0.017207	0.298557
2.268000	0.149707	0.760871	-0.319962	2.268000	-0.839627	0.018413	0.304497
2.272000	0.152748	0.759544	-0.343513	2.272000	-0.839551	0.019643	0.310234
2.276000	0.155783	0.758122	-0.367372	2.276000	-0.839470	0.020895	0.315763
2.280000	0.158812	0.756605	-0.391536	2.280000	-0.839384	0.022169	0.321079
2.284000	0.161836	0.754990	-0.416004	2.284000	-0.839292	0.023463	0.326178
2.288000	0.164852	0.753276	-0.440777	2.288000	-0.839196	0.024778	0.331055
2.292000	0.167862	0.751463	-0.465852	2.292000	-0.839094	0.026111	0.335706
2.296000	0.170864	0.749549	-0.491229	2.296000	-0.838987	0.027463	0.340128
2.300000	0.173858	0.747533	-0.516910	2.300000	-0.838874	0.028832	0.344317
2.304000	0.176844	0.745413	-0.542892	2.304000	-0.838756	0.030217	0.348269
2.308000	0.179821	0.743189	-0.569178	2.308000	-0.838633	0.031618	0.351982
2.312000	0.182789	0.740860	-0.595767	2.312000	-0.838503	0.033033	0.355453
2.316000	0.185748	0.738423	-0.622659	2.316000	-0.838368	0.034461	0.358679
2.320000	0.188697	0.735878	-0.649857	2.320000	-0.838228	0.035902	0.361658
2.324000	0.191635	0.733224	-0.677362	2.324000	-0.838081	0.037354	0.364388
2.328000	0.194562	0.730459	-0.705174	2.328000	-0.837929	0.038817	0.366867
2.332000	0.197478	0.727582	-0.733296	2.332000	-0.837770	0.040289	0.369092
2.336000	0.200383	0.724592	-0.761729	2.336000	-0.837606	0.041769	0.371064
2.340000	0.203275	0.721487	-0.790475	2.340000	-0.837436	0.043257	0.372780
2.344000	0.206154	0.718268	-0.819538	2.344000	-0.837260	0.044751	0.374240
2.348000	0.209021	0.714931	-0.848918	2.348000	-0.837078	0.046250	0.375442
2.352000	0.211874	0.711476	-0.878620	2.352000	-0.836890	0.047754	0.376387
2.356000	0.214713	0.707901	-0.908646	2.356000	-0.836696	0.049261	0.377074
2.360000	0.217537	0.704206	-0.938998	2.360000	-0.836496	0.050770	0.377502
2.364000	0.220346	0.700389	-0.969681	2.364000	-0.836290	0.052281	0.377673
2.368000	0.223140	0.696448	-1.000698	2.368000	-0.836078	0.053791	0.377585
2.372000	0.225917	0.692383	-1.032052	2.372000	-0.835860	0.055301	0.377240
2.376000	0.228679	0.688191	-1.063747	2.376000	-0.835636	0.056809	0.376639
2.380000	0.231423	0.683872	-1.095787	2.380000	-0.835405	0.058314	0.375783
2.384000	0.234149	0.679425	-1.128176	2.384000	-0.835169	0.059815	0.374672
2.388000	0.236858	0.674847	-1.160919	2.388000	-0.834927	0.061311	0.373309
2.392000	0.239548	0.670137	-1.194021	2.392000	-0.834679	0.062801	0.371695
2.396000	0.242219	0.665294	-1.227484	2.396000	-0.834424	0.064284	0.369832
2.400000	0.244870	0.660316	-1.261315	2.400000	-0.834164	0.065759	0.367723
2.404000	0.247501	0.655203	-1.295519	2.404000	-0.833898	0.067226	0.365370
2.408000	0.250112	0.649952	-1.330099	2.408000	-0.833627	0.068682	0.362776
2.412000	0.252701	0.644562	-1.365063	2.412000	-0.833349	0.070128	0.359945
2.416000	0.255268	0.639031	-1.400413	2.416000	-0.833066	0.071561	0.356878
2.420000	0.257813	0.633358	-1.436157	2.420000	-0.832776	0.072982	0.353582
2.424000	0.260335	0.627541	-1.472300	2.424000	-0.832482	0.074390	0.350058
2.428000	0.262833	0.621579	-1.508847	2.428000	-0.832181	0.075782	0.346313
2.432000	0.265307	0.615470	-1.545804	2.432000	-0.831875	0.077160	0.342350
2.436000	0.267756	0.609212	-1.583178	2.436000	-0.831564	0.078521	0.338176
2.440000	0.270181	0.602804	-1.620973	2.440000	-0.831247	0.079865	0.333794
2.444000	0.272579	0.596243	-1.659196	2.444000	-0.830925	0.081191	0.329212
2.448000	0.274950	0.589530	-1.697853	2.448000	-0.830598	0.082498	0.324435
2.452000	0.277295	0.582660	-1.736951	2.452000	-0.830265	0.083786	0.319470
2.456000	0.279611	0.575633	-1.776495	2.456000	-0.829928	0.085054	0.314325
2.460000	0.281900	0.568448	-1.816492	2.460000	-0.829585	0.086301	0.309006
2.464000	0.284159	0.561101	-1.856949	2.464000	-0.829237	0.087526	0.303523
2.468000	0.286388	0.553591	-1.897872	2.468000	-0.828885	0.088729	0.297883
2.472000	0.288587	0.545917	-1.939267	2.472000	-0.828527	0.089909	0.292096
2.476000	0.290755	0.538077	-1.981141	2.476000	-0.828165	0.091065	0.286171
2.480000	0.292892	0.530067	-2.023501	2.480000	-0.827799	0.092198	0.280118
2.484000	0.294996	0.521888	-2.066353	2.484000	-0.827428	0.093306	0.273949
2.488000	0.297067	0.513536	-2.109704	2.488000	-0.827052	0.094389	0.267673
2.492000	0.299104	0.505010	-2.153560	2.492000	-0.826673	0.095447	0.261305
2.496000	0.301106	0.496307	-2.197928	2.496000	-0.826289	0.096480	0.254855
2.500000	0.303074	0.487425	-2.242814	2.500000	-0.825901	0.097486	0.248337
2.504000	0.305006	0.478364	-2.288224	2.504000	-0.825509	0.098466	0.241765
2.508000	0.306901	0.469119	-2.334166	2.508000	-0.825113	0.099420	0.235154
2.512000	0.308758	0.459689	-2.380645	2.512000	-0.824714	0.100347	0.228519
2.516000	0.310578	0.450073	-2.427668	2.516000	-0.824311	0.101248	0.221877
2.520000	0.312359	0.440267	-2.475239	2.520000	-0.823904	0.102122	0.215244
2.524000	0.314100	0.430270	-2.523366	2.524000	-0.823494	0.102970	0.208638
2.528000	0.315800	0.420080	-2.572054	2.528000	-0.823080	0.103792	0.202078
2.532000	0.317460	0.409693	-2.621307	2.532000	-0.822663	0.104587	0.195584
2.536000	0.319078	0.399109	-2.671132	2.536000	-0.822243	0.105356	0.189176
2.540000	0.320653	0.388323	-2.721532	2.540000	-0.821820	0.106100	0.182876
2.544000	0.322184	0.377335	-2.772514	2.544000	-0.821395	0.106820	0.176706
2.548000	0.323671	0.366142	-2.824079	2.548000	-0.820966	0.107514	0.170690
2.552000	0.325113	0.354742	-2.876233	2.552000	-0.820535	0.108185	0.164852
2.556000	0.326509	0.343132	-2.928978	2.556000	-0.820100	0.108833	0.159220
2.560000	0.327858	0.331309	-2.982318	2.560000	-0.819664	0.109459	0.153818
2.564000	0.329159	0.319273	-3.036254	2.564000	-0.819225	0.110064	0.148677
2.568000	0.330412	0.307019	-3.090788	2.568000	-0.818783	0.110649	0.143824
2.572000	0.331615	0.294545	-3.145921	2.572000	-0.818340	0.111215	0.139292
2.576000	0.332768	0.281850	-3.201653	2.576000	-0.817894	0.111764	0.135111
2.580000	0.333869	0.268931	-3.257983	2.580000	-0.817446	0.112297	0.131316
2.584000	0.334919	0.255786	-3.314911	2.584000	-0.816995	0.112815	0.127940
2.588000	0.335915	0.242411	-3.372433	2.588000	-0.816543	0.113321	0.125021
2.592000	0.336858	0.228806	-3.430545	2.592000	-0.816089	0.113816	0.122596
2.596000	0.337745	0.214966	-3.489245	2.596000	-0.815633	0.114302	0.120704
2.600000	0.338577	0.200891	-3.548525	2.600000	-0.815174	0.114782	0.119386
2.604000	0.339352	0.186577	-3.608379	2.604000	-0.814714	0.115258	0.118685
2.608000	0.340069	0.172023	-3.668797	2.608000	-0.814252	0.115733	0.118644
2.612000	0.340728	0.157226	-3.729770	2.612000	-0.813788	0.116208	0.119310
2.616000	0.341327	0.142184	-3.791287	2.616000	-0.813323	0.116688	0.120729
2.620000	0.341865	0.126895	-3.853333	2.620000	-0.812855	0.117175	0.122952
2.624000	0.342342	0.111357	-3.915893	2.624000	-0.812385	0.117673	0.126028
2.628000	0.342756	0.095567	-3.978950	2.628000	-0.811914	0.118185	0.130011
2.632000	0.343106	0.079525	-4.042483	2.632000	-0.811440	0.118714	0.134956
2.636000	0.343392	0.063227	-4.106472	2.636000	-0.810964	0.119266	0.140919
2.640000	0.343611	0.046672	-4.170890	2.640000	-0.810486	0.119843	0.147957
2.644000	0.343765	0.029859	-4.235712	2.644000	-0.810005	0.120451	0.156133
2.648000	0.343850	0.012786	-4.300905	2.648000	-0.809522	0.121094	0.165507
2.652000	0.343867	-0.004549	-4.366438	2.652000	-0.809036	0.121777	0.176144
2.656000	0.343813	-0.022146	-4.432273	2.656000	-0.808548	0.122505	0.188109
2.660000	0.343689	-0.040007	-4.498370	2.660000	-0.808056	0.123283	0.201471
2.664000	0.343493	-0.058133	-4.564685	2.664000	-0.807561	0.124118	0.216300
2.668000	0.343224	-0.076525	-4.631170	2.668000	-0.807063	0.125016	0.232666
2.672000	0.342880	-0.095183	-4.697772	2.672000	-0.806561	0.125982	0.250644
2.676000	0.342462	-0.114107	-4.764435	2.676000	-0.806055	0.127023	0.270308
2.680000	0.341967	-0.133298	-4.831097	2.680000	-0.805545	0.128147	0.291735
2.684000	0.341395	-0.152756	-4.897690	2.684000	-0.805030	0.129359	0.315004
2.688000	0.340745	-0.172479	-4.964143	2.688000	-0.804510	0.130669	0.340195
2.692000	0.340015	-0.192469	-5.030377	2.692000	-0.803984	0.132084	0.367388
2.696000	0.339205	-0.212722	-5.096308	2.696000	-0.803453	0.133611	0.396667
2.700000	0.338313	-0.233239	-5.161846	2.700000	-0.802915	0.135260	0.428116
2.704000	0.337338	-0.254016	-5.226894	2.704000	-0.802371	0.137039	0.461818
2.708000	0.336280	-0.275053	-5.291346	2.708000	-0.801819	0.138958	0.497861
2.712000	0.335138	-0.296346	-5.355090	2.712000	-0.801259	0.141025	0.536329
2.716000	0.333909	-0.317893	-5.418007	2.716000	-0.800690	0.143252	0.577309
2.720000	0.332594	-0.339689	-5.479968	2.720000	-0.800113	0.145647	0.620889
2.724000	0.331191	-0.361731	-5.540836	2.724000	-0.799525	0.148222	0.667154
2.728000	0.329700	-0.384014	-5.600465	2.728000	-0.798927	0.150988	0.716190
2.732000	0.328119	-0.406533	-5.658699	2.732000	-0.798317	0.153956	0.768081
2.736000	0.326447	-0.429281	-5.715372	2.736000	-0.797695	0.157137	0.822912
2.740000	0.324684	-0.452253	-5.770308	2.740000	-0.797059	0.160543	0.880763
2.744000	0.322829	-0.475441	-5.823319	2.744000	-0.796410	0.164187	0.941715
2.748000	0.320881	-0.498837	-5.874208	2.748000	-0.795746	0.168081	1.005843
2.752000	0.318838	-0.522432	-5.922764	2.752000	-0.795065	0.172238	1.073220
2.756000	0.316701	-0.546216	-5.968764	2.756000	-0.794367	0.176671	1.143915
2.760000	0.314468	-0.570178	-6.011973	2.760000	-0.793651	0.181394	1.217992
2.764000	0.312139	-0.594307	-6.052144	2.764000	-0.792916	0.186420	1.295509
2.768000	0.309713	-0.618591	-6.089016	2.768000	-0.792159	0.191762	1.376519
2.772000	0.307190	-0.643015	-6.122312	2.772000	-0.791381	0.197436	1.461065
2.776000	0.304569	-0.667564	-6.151745	2.776000	-0.790580	0.203456	1.549185
2.780000	0.301850	-0.692223	-6.177010	2.780000	-0.789753	0.209835	1.640904
2.784000	0.299031	-0.716974	-6.197789	2.784000	-0.788900	0.216588	1.736238
2.788000	0.296114	-0.741799	-6.213751	2.788000	-0.788020	0.223729	1.835194
2.792000	0.293097	-0.766678	-6.224548	2.792000	-0.787110	0.231274	1.937761
2.796000	0.289980	-0.791588	-6.229816	2.796000	-0.786169	0.239236	2.043916
2.800000	0.286764	-0.816508	-6.229179	2.800000	-0.785195	0.247630	2.153622
2.804000	0.283448	-0.841413	-6.222245	2.804000	-0.784187	0.256470	2.266821
2.808000	0.280033	-0.866277	-6.208606	2.808000	-0.783143	0.265769	2.383437
2.812000	0.276518	-0.891073	-6.187843	2.812000	-0.782061	0.275542	2.503373
2.816000	0.272904	-0.915770	-6.159519	2.816000	-0.780938	0.285801	2.626511
2.820000	0.269192	-0.940338	-6.123189	2.820000	-0.779774	0.296558	2.752704
2.824000	0.265382	-0.964744	-6.078391	2.824000	-0.778565	0.307826	2.881781
2.828000	0.261474	-0.988953	-6.024655	2.828000	-0.777310	0.319616	3.013541
2.832000	0.257471	-1.012929	-5.961499	2.832000	-0.776007	0.331938	3.147749
2.836000	0.253371	-1.036632	-5.888434	2.836000	-0.774654	0.344801	3.284138
2.840000	0.249178	-1.060022	-5.804963	2.840000	-0.773248	0.358213	3.422403
2.844000	0.244892	-1.083057	-5.710585	2.844000	-0.771788	0.372182	3.562197
2.848000	0.240514	-1.105692	-5.604798	2.848000	-0.770270	0.386712	3.703134
2.852000	0.236047	-1.127880	-5.487097	2.852000	-0.768693	0.401808	3.844776
2.856000	0.231492	-1.149572	-5.356984	2.856000	-0.767055	0.417471	3.986640
2.860000	0.226851	-1.170718	-5.213968	2.860000	-0.765353	0.433701	4.128186
2.864000	0.222127	-1.191266	-5.057569	2.864000	-0.763584	0.450495	4.268818
2.868000	0.217322	-1.211160	-4.887324	2.868000	-0.761748	0.467849	4.407877
2.872000	0.212438	-1.230345	-4.702793	2.872000	-0.759841	0.485755	4.544638
2.876000	0.207480	-1.248763	-4.503565	2.876000	-0.757861	0.504202	4.678304
2.880000	0.202449	-1.266354	-4.289264	2.880000	-0.755807	0.523176	4.808001
2.884000	0.197350	-1.283057	-4.059560	2.884000	-0.753675	0.542660	4.932774
2.888000	0.192186	-1.298809	-3.814177	2.888000	-0.751465	0.562631	5.051575
2.892000	0.186961	-1.313549	-3.552901	2.892000	-0.749173	0.583063	5.163264
2.896000	0.181679	-1.327211	-3.275601	2.896000	-0.746800	0.603925	5.266595
2.900000	0.176345	-1.339732	-2.982231	2.900000	-0.744341	0.625183	5.360209
2.904000	0.170963	-1.351048	-2.672855	2.904000	-0.741798	0.646792	5.442626
2.908000	0.165538	-1.361094	-2.347663	2.908000	-0.739167	0.668707	5.512233
2.912000	0.160076	-1.369808	-2.006989	2.912000	-0.736448	0.690871	5.567273
2.916000	0.154582	-1.377130	-1.651335	2.916000	-0.733640	0.713223	5.605834
2.920000	0.149061	-1.383000	-1.281398	2.920000	-0.730742	0.735693	5.625829
2.924000	0.143520	-1.387363	-0.898098	2.924000	-0.727754	0.758202	5.624989
2.928000	0.137964	-1.390169	-0.502614	2.928000	-0.724676	0.780661	5.600839
2.932000	0.132400	-1.391370	-0.096413	2.932000	-0.721509	0.802974	5.550682
2.936000	0.126835	-1.390928	0.318702	2.936000	-0.718253	0.825028	5.471584
2.940000	0.121275	-1.388811	0.740550	2.940000	-0.714909	0.846703	5.360348
2.944000	0.115727	-1.384998	1.166531	2.944000	-0.711480	0.867864	5.213497
2.948000	0.110198	-1.379478	1.593565	2.948000	-0.707967	0.888359	5.027259
2.952000	0.104693	-1.372253	2.018048	2.952000	-0.704374	0.908024	4.797546
2.956000	0.099222	-1.363342	2.435795	2.956000	-0.700704	0.926675	4.519948
2.960000	0.093789	-1.352782	2.841994	2.960000	-0.696962	0.944113	4.189727
2.964000	0.088402	-1.340629	3.231153	2.964000	-0.693153	0.960116	3.801831
2.968000	0.083066	-1.326964	3.597071	2.968000	-0.689284	0.974444	3.350916
2.972000	0.077788	-1.311893	3.932817	2.972000	-0.685360	0.986832	2.831403
2.976000	0.072572	-1.295552	4.230733	2.976000	-0.681392	0.996996	2.237554
2.980000	0.067425	-1.278108	4.482472	2.980000	-0.677388	1.004626	1.563605
2.984000	0.062349	-1.259765	4.679079	2.984000	-0.673359	1.009390	0.803939
2.988000	0.057348	-1.240762	4.811131	2.988000	-0.669317	1.010936	-0.046664
2.992000	0.052423	-1.221375	4.868946	2.992000	-0.665276	1.008890	-0.992712
2.996000	0.047577	-1.201922	4.842877	2.996000	-0.661251	1.002863	-2.037585
3.000000	0.042807	-1.182756	4.723702	3.000000	-0.657259	0.992455	-3.183034
3.004000	0.038114	-1.164268	4.503120	3.004000	-0.653318	0.977265	-4.428583
3.008000	0.033492	-1.146876	4.174344	3.008000	-0.649448	0.956897	-5.770850
3.012000	0.028937	-1.131023	3.732789	3.012000	-0.645670	0.930978	-7.202814
3.016000	0.024441	-1.117166	3.176825	3.016000	-0.642008	0.899170	-8.713076
3.020000	0.019996	-1.105759	2.508542	3.020000	-0.638485	0.861191	-10.285191
3.024000	0.015591	-1.097239	1.734475	3.024000	-0.635127	0.816835	-11.897157
3.028000	0.011214	-1.092009	0.866191	3.028000	-0.631959	0.765997	-13.521178
3.032000	0.006850	-1.090413	-0.079358	3.032000	-0.629007	0.708694	-15.123834
3.036000	0.002485	-1.092717	-1.079806	3.036000	-0.626298	0.645086	-16.666756
3.040000	-0.001897	-1.099088	-2.107781	3.040000	-0.623855	0.575496	-18.107896
3.044000	-0.006313	-1.109574	-3.131786	3.044000	-0.621701	0.500417	-19.403413
3.048000	-0.010779	-1.124092	-4.117579	3.048000	-0.619858	0.420520	-20.510094
3.052000	-0.015311	-1.142417	-5.029985	3.052000	-0.618342	0.336641	-21.388164
3.056000	-0.019923	-1.164188	-5.835022	3.056000	-0.617169	0.249765	-22.004201
3.060000	-0.024628	-1.188913	-6.502134	3.060000	-0.616347	0.160990	-22.333850
3.064000	-0.029437	-1.215988	-7.006309	3.064000	-0.615882	0.071494	-22.363965
3.068000	-0.034358	-1.244722	-7.329833	3.068000	-0.615774	-0.017521	-22.093893
3.072000	-0.039396	-1.274373	-7.463464	3.072000	-0.616020	-0.104873	-21.535687
3.076000	-0.044554	-1.304176	-7.406897	3.076000	-0.616609	-0.189453	-20.713206
3.080000	-0.049829	-1.333385	-7.168458	3.080000	-0.617530	-0.270271	-19.660217
3.084000	-0.055219	-1.361302	-6.764109	3.084000	-0.618765	-0.346482	-18.417744
3.088000	-0.060717	-1.387306	-6.215888	3.088000	-0.620295	-0.417420	-17.031013
3.092000	-0.066314	-1.410872	-5.550010	3.092000	-0.622097	-0.482600	-15.546368
3.096000	-0.072000	-1.431587	-4.794857	3.096000	-0.624148	-0.541720	-14.008473
3.100000	-0.077763	-1.449150	-3.979067	3.100000	-0.626423	-0.594651	-12.458059
3.104000	-0.083589	-1.463375	-3.129885	3.104000	-0.628897	-0.641415	-10.930335
3.108000	-0.089465	-1.474178	-2.271904	3.108000	-0.631546	-0.682163	-9.454096
3.112000	-0.095378	-1.481567	-1.426216	3.112000	-0.634346	-0.717147	-8.051462
3.116000	-0.101313	-1.485627	-0.609971	3.116000	-0.637276	-0.746694	-6.738131
3.120000	-0.107258	-1.486504	0.163709	3.120000	-0.640313	-0.771184	-5.523989
3.124000	-0.113201	-1.484387	0.885537	3.124000	-0.643439	-0.791025	-4.413952
3.128000	-0.119130	-1.479496	1.549680	3.128000	-0.646636	-0.806636	-3.408895
3.132000	-0.125034	-1.472070	2.153256	3.132000	-0.649887	-0.818433	-2.506578
3.136000	-0.130903	-1.462352	2.695796	3.136000	-0.653179	-0.826819	-1.702501
3.140000	-0.136730	-1.450583	3.178695	3.140000	-0.656498	-0.832176	-0.990649
3.144000	-0.142506	-1.436998	3.604719	3.144000	-0.659832	-0.834858	-0.364104
3.148000	-0.148224	-1.421816	3.977565	3.148000	-0.663173	-0.835193	0.184471
3.152000	-0.153878	-1.405243	4.301489	3.152000	-0.666511	-0.833477	0.662465
3.156000	-0.159464	-1.387464	4.581018	3.156000	-0.669839	-0.829978	1.077061
3.160000	-0.164977	-1.368648	4.820722	3.160000	-0.673149	-0.824936	1.435062
3.164000	-0.170412	-1.348945	5.025046	3.164000	-0.676436	-0.818564	1.742782
3.168000	-0.175767	-1.328489	5.198198	3.168000	-0.679696	-0.811053	2.005999
3.172000	-0.181039	-1.307396	5.344073	3.172000	-0.682924	-0.802569	2.229929
3.176000	-0.186226	-1.285768	5.466218	3.176000	-0.686115	-0.793259	2.419246
3.180000	-0.191325	-1.263694	5.567811	3.180000	-0.689269	-0.783255	2.578103
3.184000	-0.196335	-1.241249	5.651666	3.184000	-0.692381	-0.772670	2.710173
3.188000	-0.201254	-1.218501	5.720249	3.188000	-0.695449	-0.761605	2.818690
3.192000	-0.206082	-1.195505	5.775698	3.192000	-0.698473	-0.750148	2.906495
3.196000	-0.210818	-1.172310	5.819854	3.196000	-0.701450	-0.738378	2.976080
3.200000	-0.215461	-1.148959	5.854287	3.200000	-0.704380	-0.726361	3.029629
3.204000	-0.220009	-1.125487	5.880331	3.204000	-0.707261	-0.714159	3.069056
3.208000	-0.224464	-1.101926	5.899108	3.208000	-0.710093	-0.701825	3.096044
3.212000	-0.228825	-1.078302	5.911561	3.212000	-0.712875	-0.689406	3.112067
3.216000	-0.233091	-1.054641	5.918475	3.216000	-0.715608	-0.676942	3.118427
3.220000	-0.237262	-1.030961	5.920503	3.220000	-0.718291	-0.664470	3.116272
3.224000	-0.241338	-1.007282	5.918187	3.224000	-0.720924	-0.652021	3.106617
3.228000	-0.245320	-0.983621	5.911972	3.228000	-0.723507	-0.639625	3.090364
3.232000	-0.249207	-0.959991	5.902229	3.232000	-0.726041	-0.627306	3.068318
3.236000	-0.253000	-0.936407	5.889261	3.236000	-0.728526	-0.615086	3.041194
3.240000	-0.256699	-0.912881	5.873320	3.240000	-0.730962	-0.602983	3.009635
3.244000	-0.260303	-0.889424	5.854618	3.244000	-0.733350	-0.591014	2.974218
3.248000	-0.263814	-0.866048	5.833328	3.248000	-0.735690	-0.579193	2.935461
3.252000	-0.267232	-0.842761	5.809600	3.252000	-0.737983	-0.567534	2.893833
3.256000	-0.270556	-0.819574	5.783561	3.256000	-0.740231	-0.556046	2.849758
3.260000	-0.273789	-0.796496	5.755323	3.260000	-0.742432	-0.544739	2.803619
3.264000	-0.276929	-0.773534	5.724985	3.264000	-0.744589	-0.533619	2.755763
3.268000	-0.279977	-0.750698	5.692636	3.268000	-0.746701	-0.522694	2.706506
3.272000	-0.282934	-0.727996	5.658358	3.272000	-0.748771	-0.511969	2.656134
3.276000	-0.285801	-0.705434	5.622231	3.276000	-0.750797	-0.501446	2.604908
3.280000	-0.288578	-0.683020	5.584330	3.280000	-0.752782	-0.491130	2.553063
3.284000	-0.291265	-0.660762	5.544727	3.284000	-0.754727	-0.481022	2.500813
3.288000	-0.293864	-0.638665	5.503495	3.288000	-0.756631	-0.471124	2.448352
3.292000	-0.296375	-0.616736	5.460705	3.292000	-0.758496	-0.461436	2.395856
3.296000	-0.298798	-0.594981	5.416428	3.296000	-0.760323	-0.451957	2.343482
3.300000	-0.301135	-0.573406	5.370735	3.300000	-0.762112	-0.442687	2.291373
3.304000	-0.303386	-0.552017	5.323699	3.304000	-0.763864	-0.433626	2.239657
3.308000	-0.305552	-0.530818	5.275389	3.308000	-0.765581	-0.424769	2.188447
3.312000	-0.307633	-0.509815	5.225880	3.312000	-0.767263	-0.416117	2.137847
3.316000	-0.309630	-0.489013	5.175242	3.316000	-0.768910	-0.407666	2.087945
3.320000	-0.311545	-0.468415	5.123547	3.320000	-0.770524	-0.399413	2.038822
3.324000	-0.313378	-0.448026	5.070867	3.324000	-0.772106	-0.391354	1.990545
3.328000	-0.315130	-0.427849	5.017273	3.328000	-0.773656	-0.383487	1.943177
3.332000	-0.316801	-0.407889	4.962836	3.332000	-0.775174	-0.375807	1.896767
3.336000	-0.318393	-0.388147	4.907625	3.336000	-0.776662	-0.368311	1.851360
3.340000	-0.319906	-0.368629	4.851709	3.340000	-0.778121	-0.360995	1.806991
3.344000	-0.321342	-0.349335	4.795154	3.344000	-0.779550	-0.353854	1.763691
3.348000	-0.322701	-0.330268	4.738028	3.348000	-0.780952	-0.346884	1.721482
3.352000	-0.323985	-0.311431	4.680395	3.352000	-0.782326	-0.340081	1.680382
3.356000	-0.325193	-0.292825	4.622317	3.356000	-0.783673	-0.333440	1.640403
3.360000	-0.326328	-0.274453	4.563856	3.360000	-0.784993	-0.326956	1.601553
3.364000	-0.327389	-0.256315	4.505071	3.364000	-0.786289	-0.320626	1.563834
3.368000	-0.328378	-0.238413	4.446020	3.368000	-0.787559	-0.314444	1.527247
3.372000	-0.329297	-0.220747	4.386757	3.372000	-0.788804	-0.308406	1.491786
3.376000	-0.330145	-0.203319	4.327337	3.376000	-0.790026	-0.302508	1.457444
3.380000	-0.330924	-0.186129	4.267809	3.380000	-0.791225	-0.296745	1.424211
3.384000	-0.331634	-0.169177	4.208223	3.384000	-0.792400	-0.291113	1.392072
3.388000	-0.332277	-0.152463	4.148627	3.388000	-0.793554	-0.285607	1.361013
3.392000	-0.332854	-0.135987	4.089064	3.392000	-0.794685	-0.280223	1.331015
3.396000	-0.333366	-0.119750	4.029578	3.396000	-0.795796	-0.274958	1.302060
3.400000	-0.333812	-0.103751	3.970208	3.400000	-0.796885	-0.269806	1.274125
3.404000	-0.334196	-0.087988	3.910994	3.404000	-0.797954	-0.264763	1.247190
3.408000	-0.334517	-0.072463	3.851970	3.408000	-0.799003	-0.259827	1.221229
3.412000	-0.334776	-0.057172	3.793173	3.412000	-0.800033	-0.254992	1.196219
3.416000	-0.334974	-0.042117	3.734633	3.416000	-0.801043	-0.250256	1.172133
3.420000	-0.335113	-0.027295	3.676382	3.420000	-0.802035	-0.245614	1.148946
3.424000	-0.335193	-0.012705	3.618448	3.424000	-0.803008	-0.241063	1.126630
3.428000	-0.335215	0.001653	3.560857	3.428000	-0.803964	-0.236600	1.105160
3.432000	-0.335180	0.015782	3.503634	3.432000	-0.804901	-0.232221	1.084507
3.436000	-0.335089	0.029683	3.446803	3.436000	-0.805822	-0.227923	1.064643
3.440000	-0.334943	0.043357	3.390385	3.440000	-0.806725	-0.223703	1.045542
3.444000	-0.334743	0.056806	3.334401	3.444000	-0.807611	-0.219557	1.027175
3.448000	-0.334489	0.070033	3.278867	3.448000	-0.808481	-0.215484	1.009514
3.452000	-0.334183	0.083038	3.223803	3.452000	-0.809335	-0.211480	0.992534
3.456000	-0.333825	0.095824	3.169223	3.456000	-0.810173	-0.207543	0.976205
3.460000	-0.333416	0.108392	3.115141	3.460000	-0.810996	-0.203670	0.960502
3.464000	-0.332958	0.120746	3.061571	3.464000	-0.811803	-0.199858	0.945397
3.468000	-0.332451	0.132886	3.008525	3.468000	-0.812595	-0.196106	0.930865
3.472000	-0.331895	0.144815	2.956013	3.472000	-0.813372	-0.192411	0.916880
3.476000	-0.331292	0.156535	2.904045	3.476000	-0.814134	-0.188770	0.903417
3.480000	-0.330643	0.168048	2.852630	3.480000	-0.814882	-0.185183	0.890450
3.484000	-0.329948	0.179356	2.801775	3.484000	-0.815616	-0.181646	0.877956
3.488000	-0.329209	0.190463	2.751489	3.488000	-0.816335	-0.178158	0.865911
3.492000	-0.328425	0.201369	2.701775	3.492000	-0.817041	-0.174718	0.854291
3.496000	-0.327598	0.212078	2.652640	3.496000	-0.817733	-0.171323	0.843074
3.500000	-0.326728	0.222591	2.604088	3.500000	-0.818411	-0.167973	0.832239
3.504000	-0.325817	0.232911	2.556124	3.504000	-0.819077	-0.164665	0.821763
3.508000	-0.324865	0.243041	2.508749	3.508000	-0.819729	-0.161398	0.811626
3.512000	-0.323873	0.252982	2.461967	3.512000	-0.820368	-0.158172	0.801807
3.516000	-0.322842	0.262737	2.415779	3.516000	-0.820994	-0.154984	0.792288
3.520000	-0.321772	0.272309	2.370188	3.520000	-0.821608	-0.151833	0.783048
3.524000	-0.320664	0.281700	2.325193	3.524000	-0.822209	-0.148719	0.774071
3.528000	-0.319518	0.290911	2.280796	3.528000	-0.822798	-0.145640	0.765337
3.532000	-0.318337	0.299947	2.236996	3.532000	-0.823374	-0.142596	0.756830
3.536000	-0.317119	0.308808	2.193794	3.536000	-0.823939	-0.139585	0.748533
3.540000	-0.315866	0.317498	2.151188	3.540000	-0.824491	-0.136607	0.740430
3.544000	-0.314579	0.326018	2.109178	3.544000	-0.825031	-0.133661	0.732505
3.548000	-0.313258	0.334372	2.067763	3.548000	-0.825560	-0.130747	0.724745
3.552000	-0.311904	0.342561	2.026940	3.552000	-0.826077	-0.127863	0.717135
3.556000	-0.310518	0.350588	1.986709	3.556000	-0.826583	-0.125010	0.709660
3.560000	-0.309100	0.358456	1.947066	3.560000	-0.827078	-0.122186	0.702308
3.564000	-0.307651	0.366166	1.908011	3.564000	-0.827561	-0.119391	0.695066
3.568000	-0.306171	0.373721	1.869541	3.568000	-0.828033	-0.116625	0.687923
3.572000	-0.304661	0.381123	1.831653	3.572000	-0.828494	-0.113888	0.680866
3.576000	-0.303122	0.388375	1.794344	3.576000	-0.828944	-0.111178	0.673884
3.580000	-0.301554	0.395478	1.757613	3.580000	-0.829383	-0.108497	0.666967
3.584000	-0.299958	0.402436	1.721455	3.584000	-0.829812	-0.105842	0.660105
3.588000	-0.298335	0.409251	1.685869	3.588000	-0.830230	-0.103216	0.653287
3.592000	-0.296685	0.415924	1.650850	3.592000	-0.830638	-0.100616	0.646506
3.596000	-0.295008	0.422458	1.616397	3.596000	-0.831035	-0.098044	0.639752
3.600000	-0.293305	0.428856	1.582505	3.600000	-0.831422	-0.095498	0.633017
3.604000	-0.291577	0.435119	1.549172	3.604000	-0.831799	-0.092979	0.626293
3.608000	-0.289824	0.441250	1.516395	3.608000	-0.832166	-0.090488	0.619573
3.612000	-0.288047	0.447251	1.484170	3.612000	-0.832523	-0.088023	0.612849
3.616000	-0.286247	0.453124	1.452494	3.616000	-0.832870	-0.085585	0.606115
3.620000	-0.284423	0.458872	1.421364	3.620000	-0.833208	-0.083174	0.599365
3.624000	-0.282576	0.464496	1.390777	3.624000	-0.833536	-0.080790	0.592593
3.628000	-0.280707	0.469999	1.360728	3.628000	-0.833854	-0.078433	0.585793
3.632000	-0.278816	0.475382	1.331216	3.632000	-0.834163	-0.076104	0.578960
3.636000	-0.276904	0.480649	1.302237	3.636000	-0.834463	-0.073802	0.572090
3.640000	-0.274971	0.485801	1.273788	3.640000	-0.834753	-0.071527	0.565177
3.644000	-0.273018	0.490840	1.245866	3.644000	-0.835035	-0.069280	0.558219
3.648000	-0.271044	0.495768	1.218467	3.648000	-0.835308	-0.067061	0.551210
3.652000	-0.269052	0.500588	1.191588	3.652000	-0.835572	-0.064871	0.544147
3.656000	-0.267040	0.505302	1.165227	3.656000	-0.835827	-0.062708	0.537028
3.660000	-0.265009	0.509911	1.139380	3.660000	-0.836073	-0.060574	0.529849
3.664000	-0.262961	0.514418	1.114045	3.664000	-0.836311	-0.058470	0.522608
3.668000	-0.260894	0.518824	1.089218	3.668000	-0.836541	-0.056394	0.515302
3.672000	-0.258810	0.523132	1.064897	3.672000	-0.836763	-0.054347	0.507929
3.676000	-0.256709	0.527344	1.041079	3.676000	-0.836976	-0.052330	0.500488
3.680000	-0.254591	0.531461	1.017760	3.680000	-0.837181	-0.050343	0.492976
3.684000	-0.252458	0.535487	0.994939	3.684000	-0.837379	-0.048387	0.485393
3.688000	-0.250308	0.539421	0.972612	3.688000	-0.837568	-0.046460	0.477738
3.692000	-0.248142	0.543268	0.950776	3.692000	-0.837750	-0.044565	0.470010
3.696000	-0.245962	0.547028	0.929430	3.696000	-0.837925	-0.042700	0.462207
3.700000	-0.243766	0.550704	0.908570	3.700000	-0.838092	-0.040867	0.454331
3.704000	-0.241556	0.554298	0.888193	3.704000	-0.838252	-0.039066	0.446381
3.708000	-0.239332	0.557810	0.868298	3.708000	-0.838405	-0.037296	0.438356
3.712000	-0.237094	0.561245	0.848880	3.712000	-0.838550	-0.035559	0.430258
3.716000	-0.234842	0.564602	0.829939	3.716000	-0.838689	-0.033854	0.422087
3.720000	-0.232577	0.567885	0.811471	3.720000	-0.838821	-0.032182	0.413843
3.724000	-0.230299	0.571094	0.793474	3.724000	-0.838947	-0.030544	0.405529
3.728000	-0.228008	0.574233	0.775945	3.728000	-0.839066	-0.028938	0.397144
3.732000	-0.225705	0.577303	0.758881	3.732000	-0.839178	-0.027367	0.388691
3.736000	-0.223390	0.580305	0.742280	3.736000	-0.839285	-0.025829	0.380171
3.740000	-0.221063	0.583241	0.726140	3.740000	-0.839385	-0.024325	0.371585
3.744000	-0.218724	0.586115	0.710457	3.744000	-0.839479	-0.022856	0.362937
3.748000	-0.216374	0.588926	0.695230	3.748000	-0.839568	-0.021422	0.354228
3.752000	-0.214013	0.591677	0.680455	3.752000	-0.839651	-0.020023	0.345460
3.756000	-0.211641	0.594370	0.666129	3.756000	-0.839728	-0.018658	0.336637
3.760000	-0.209258	0.597007	0.652250	3.760000	-0.839800	-0.017330	0.327761
3.764000	-0.206865	0.599589	0.638815	3.764000	-0.839867	-0.016036	0.318834
3.768000	-0.204461	0.602118	0.625821	3.768000	-0.839928	-0.014779	0.309862
3.772000	-0.202048	0.604596	0.613265	3.772000	-0.839985	-0.013557	0.300845
3.776000	-0.199625	0.607024	0.601144	3.776000	-0.840037	-0.012372	0.291789
3.780000	-0.197192	0.609405	0.589455	3.780000	-0.840084	-0.011223	0.282697
3.784000	-0.194749	0.611741	0.578194	3.784000	-0.840127	-0.010111	0.273573
3.788000	-0.192298	0.614032	0.567358	3.788000	-0.840165	-0.009035	0.264422
3.792000	-0.189837	0.616280	0.556943	3.792000	-0.840199	-0.007995	0.255246
3.796000	-0.187368	0.618488	0.546946	3.796000	-0.840229	-0.006993	0.246052
3.800000	-0.184889	0.620656	0.537363	3.800000	-0.840255	-0.006027	0.236844
3.804000	-0.182403	0.622787	0.528190	3.804000	-0.840277	-0.005098	0.227626
3.808000	-0.179907	0.624882	0.519423	3.808000	-0.840296	-0.004206	0.218404
3.812000	-0.177404	0.626943	0.511057	3.812000	-0.840311	-0.003351	0.209182
3.816000	-0.174892	0.628971	0.503088	3.816000	-0.840323	-0.002532	0.199968
3.820000	-0.172372	0.630968	0.495511	3.820000	-0.840331	-0.001751	0.190765
3.824000	-0.169844	0.632936	0.488321	3.824000	-0.840337	-0.001006	0.181580
3.828000	-0.167308	0.634875	0.481513	3.828000	-0.840339	-0.000298	0.172419
3.832000	-0.164765	0.636788	0.475082	3.832000	-0.840339	0.000373	0.163287
3.836000	-0.162214	0.638677	0.469021	3.836000	-0.840336	0.001008	0.154192
3.840000	-0.159656	0.640541	0.463326	3.840000	-0.840331	0.001607	0.145140
3.844000	-0.157090	0.642384	0.457989	3.844000	-0.840324	0.002169	0.136137
3.848000	-0.154517	0.644205	0.453005	3.848000	-0.840314	0.002696	0.127191
3.852000	-0.151936	0.646008	0.448366	3.852000	-0.840302	0.003187	0.118307
3.856000	-0.149349	0.647793	0.444066	3.856000	-0.840288	0.003642	0.109494
3.860000	-0.146754	0.649561	0.440096	3.860000	-0.840273	0.004063	0.100758
3.864000	-0.144152	0.651314	0.436450	3.864000	-0.840256	0.004449	0.092107
3.868000	-0.141543	0.653053	0.433119	3.868000	-0.840237	0.004800	0.083549
3.872000	-0.138928	0.654779	0.430096	3.872000	-0.840218	0.005117	0.075091
3.876000	-0.136305	0.656494	0.427370	3.876000	-0.840197	0.005401	0.066741
3.880000	-0.133676	0.658199	0.424933	3.880000	-0.840174	0.005651	0.058507
3.884000	-0.131040	0.659894	0.422776	3.884000	-0.840151	0.005869	0.050396
3.888000	-0.128397	0.661581	0.420888	3.888000	-0.840128	0.006055	0.042418
3.892000	-0.125747	0.663262	0.419260	3.892000	-0.840103	0.006208	0.034579
3.896000	-0.123091	0.664936	0.417881	3.896000	-0.840078	0.006331	0.026889
3.900000	-0.120427	0.666605	0.416740	3.900000	-0.840052	0.006424	0.019355
3.904000	-0.117758	0.668270	0.415826	3.904000	-0.840027	0.006486	0.011986
3.908000	-0.115081	0.669932	0.415126	3.908000	-0.840001	0.006520	0.004790
3.912000	-0.112398	0.671591	0.414630	3.912000	-0.839974	0.006525	-0.002224
3.916000	-0.109709	0.673249	0.414324	3.916000	-0.839948	0.006502	-0.009049
3.920000	-0.107012	0.674906	0.414196	3.920000	-0.839922	0.006453	-0.015675
3.924000	-0.104309	0.676563	0.414232	3.924000	-0.839897	0.006377	-0.022095
3.928000	-0.101600	0.678220	0.414419	3.928000	-0.839871	0.006276	-0.028301
3.932000	-0.098884	0.679878	0.414744	3.932000	-0.839847	0.006151	-0.034284
3.936000	-0.096161	0.681538	0.415191	3.936000	-0.839822	0.006002	-0.040036
3.940000	-0.093431	0.683200	0.415748	3.940000	-0.839799	0.005831	-0.045550
3.944000	-0.090695	0.684864	0.416397	3.944000	-0.839776	0.005638	-0.050817
3.948000	-0.087952	0.686531	0.417126	3.948000	-0.839754	0.005425	-0.055831
3.952000	-0.085203	0.688201	0.417918	3.952000	-0.839732	0.005192	-0.060584
3.956000	-0.082447	0.689875	0.418758	3.956000	-0.839712	0.004941	-0.065069
3.960000	-0.079684	0.691552	0.419630	3.960000	-0.839693	0.004672	-0.069278
3.964000	-0.076914	0.693232	0.420518	3.964000	-0.839675	0.004387	-0.073206
3.968000	-0.074138	0.694916	0.421406	3.968000	-0.839658	0.004087	-0.076845
3.972000	-0.071355	0.696603	0.422277	3.972000	-0.839642	0.003772	-0.080191
3.976000	-0.068565	0.698294	0.423116	3.976000	-0.839628	0.003445	-0.083236
3.980000	-0.065769	0.699988	0.423906	3.980000	-0.839614	0.003107	-0.085977
3.984000	-0.062965	0.701685	0.424631	3.984000	-0.839603	0.002758	-0.088407
3.988000	-0.060155	0.703385	0.425273	3.988000	-0.839592	0.002400	-0.090524
3.992000	-0.057338	0.705087	0.425817	3.992000	-0.839584	0.002034	-0.092321
3.996000	-0.054514	0.706791	0.426246	3.996000	-0.839576	0.001662	-0.093796
4.000000	-0.051684	0.708497	0.426544	4.000000	-0.839570	0.001284	-0.094946
4.004000	-0.048846	0.710203	0.426695	4.004000	-0.839566	0.000903	-0.095768
4.008000	-0.046002	0.711910	0.426682	4.008000	-0.839563	0.000519	-0.096259
4.012000	-0.043151	0.713617	0.426490	4.012000	-0.839562	0.000133	-0.096419
4.016000	-0.040293	0.715322	0.426103	4.016000	-0.839562	-0.000252	-0.096245
4.020000	-0.037429	0.717025	0.425506	4.020000	-0.839564	-0.000636	-0.095738
4.024000	-0.034557	0.718726	0.424684	4.024000	-0.839567	-0.001018	-0.094898
4.028000	-0.031679	0.720422	0.423622	4.028000	-0.839572	-0.001395	-0.093724
4.032000	-0.028794	0.722114	0.422307	4.032000	-0.839578	-0.001767	-0.092219
4.036000	-0.025902	0.723800	0.420724	4.036000	-0.839586	-0.002132	-0.090383
4.040000	-0.023003	0.725480	0.418860	4.040000	-0.839595	-0.002490	-0.088219
4.044000	-0.020098	0.727151	0.416702	4.044000	-0.839606	-0.002838	-0.085731
4.048000	-0.017186	0.728813	0.414237	4.048000	-0.839618	-0.003175	-0.082922
4.052000	-0.014268	0.730464	0.411455	4.052000	-0.839631	-0.003501	-0.079795
4.056000	-0.011342	0.732104	0.408343	4.056000	-0.839646	-0.003813	-0.076355
4.060000	-0.008411	0.733731	0.404891	4.060000	-0.839662	-0.004111	-0.072608
4.064000	-0.005473	0.735343	0.401088	4.064000	-0.839679	-0.004393	-0.068559
4.068000	-0.002528	0.736939	0.396926	4.068000	-0.839697	-0.004659	-0.064215
4.072000	0.000423	0.738518	0.392394	4.072000	-0.839716	-0.004907	-0.059582
4.076000	0.003380	0.740078	0.387486	4.076000	-0.839736	-0.005135	-0.054669
4.080000	0.006343	0.741617	0.382193	4.080000	-0.839757	-0.005344	-0.049482
4.084000	0.009313	0.743135	0.376509	4.084000	-0.839779	-0.005531	-0.044030
4.088000	0.012289	0.744629	0.370427	4.088000	-0.839801	-0.005696	-0.038322
4.092000	0.015270	0.746097	0.363941	4.092000	-0.839824	-0.005837	-0.032367
4.096000	0.018257	0.747540	0.357047	4.096000	-0.839848	-0.005954	-0.026175
4.100000	0.021250	0.748953	0.349740	4.100000	-0.839872	-0.006046	-0.019755
4.104000	0.024249	0.750337	0.342016	4.104000	-0.839896	-0.006112	-0.013119
4.108000	0.027253	0.751689	0.333873	4.108000	-0.839921	-0.006151	-0.006276
4.112000	0.030262	0.753007	0.325307	4.112000	-0.839945	-0.006162	0.000761
4.116000	0.033277	0.754291	0.316318	4.116000	-0.839970	-0.006145	0.007983
4.120000	0.036297	0.755537	0.306903	4.120000	-0.839995	-0.006098	0.015378
4.124000	0.039321	0.756745	0.297061	4.124000	-0.840019	-0.006021	0.022934
4.128000	0.042351	0.757913	0.286794	4.128000	-0.840043	-0.005914	0.030638
4.132000	0.045384	0.759039	0.276100	4.132000	-0.840066	-0.005776	0.038480
4.136000	0.048423	0.760121	0.264981	4.136000	-0.840089	-0.005606	0.046447
4.140000	0.051465	0.761158	0.253438	4.140000	-0.840111	-0.005404	0.054526
4.144000	0.054512	0.762148	0.241472	4.144000	-0.840132	-0.005170	0.062706
4.148000	0.057562	0.763090	0.229086	4.148000	-0.840152	-0.004903	0.070975
4.152000	0.060617	0.763981	0.216282	4.152000	-0.840171	-0.004602	0.079319
4.156000	0.063674	0.764819	0.203063	4.156000	-0.840189	-0.004268	0.087728
4.160000	0.066735	0.765604	0.189431	4.160000	-0.840205	-0.003900	0.096188
4.164000	0.069799	0.766334	0.175391	4.164000	-0.840220	-0.003498	0.104688
4.168000	0.072866	0.767007	0.160945	4.168000	-0.840233	-0.003063	0.113215
4.172000	0.075935	0.767621	0.146098	4.172000	-0.840245	-0.002593	0.121759
4.176000	0.079007	0.768175	0.130854	4.176000	-0.840254	-0.002089	0.130306
4.180000	0.082080	0.768668	0.115216	4.180000	-0.840261	-0.001550	0.138846
4.184000	0.085156	0.769097	0.099189	4.184000	-0.840266	-0.000978	0.147367
4.188000	0.088233	0.769461	0.082778	4.188000	-0.840269	-0.000371	0.155858
4.192000	0.091311	0.769758	0.065986	4.192000	-0.840269	0.000269	0.164308
4.196000	0.094391	0.769988	0.048819	4.196000	-0.840267	0.000943	0.172706
4.200000	0.097471	0.770148	0.031281	4.200000	-0.840262	0.001651	0.181042
4.204000	0.100552	0.770238	0.013376	4.204000	-0.840254	0.002391	0.189306
4.208000	0.103633	0.770255	-0.004891	4.208000	-0.840243	0.003165	0.197487
4.212000	0.106714	0.770198	-0.023515	4.212000	-0.840228	0.003971	0.205577
4.216000	0.109795	0.770066	-0.042493	4.216000	-0.840211	0.004809	0.213565
4.220000	0.112874	0.769858	-0.061820	4.220000	-0.840190	0.005679	0.221442
4.224000	0.115953	0.769571	-0.081492	4.224000	-0.840165	0.006581	0.229200
4.228000	0.119031	0.769205	-0.101505	4.228000	-0.840137	0.007513	0.236829
4.232000	0.122107	0.768759	-0.121855	4.232000	-0.840105	0.008475	0.244323
4.236000	0.125181	0.768230	-0.142538	4.236000	-0.840069	0.009467	0.251672
4.240000	0.128253	0.767618	-0.163551	4.240000	-0.840029	0.010488	0.258869
4.244000	0.131322	0.766921	-0.184891	4.244000	-0.839985	0.011538	0.265907
4.248000	0.134388	0.766138	-0.206553	4.248000	-0.839937	0.012615	0.272778
4.252000	0.137451	0.765268	-0.228536	4.252000	-0.839884	0.013720	0.279476
4.256000	0.140510	0.764310	-0.250836	4.256000	-0.839827	0.014851	0.285994
4.260000	0.143565	0.763261	-0.273451	4.260000	-0.839765	0.016008	0.292327
4.264000	0.146616	0.762122	-0.296379	4.264000	-0.839699	0.017189	0.298467
4.268000	0.149662	0.760890	-0.319617	4.268000	-0.839628	0.018395	0.304411
4.272000	0.152703	0.759564	-0.343164	4.272000	-0.839552	0.019624	0.310151
4.276000	0.155738	0.758144	-0.367018	4.276000	-0.839471	0.020876	0.315683
4.280000	0.158768	0.756628	-0.391177	4.280000	-0.839385	0.022150	0.321002
4.284000	0.161791	0.755014	-0.415641	4.284000	-0.839294	0.023444	0.326104
4.288000	0.164808	0.753302	-0.440409	4.288000	-0.839197	0.024758	0.330985
