SliderCrank
14:08:02  3/17/2022
Contact Force of Square 18 on Piston 6				Rotation of Crank 1		Rotation of Connecting Rod 2
t	Fx	Fy	|F|	t	rot	t	rot
0.000000	-0.000000	0.000000	0.000000	0.000000	1.000000	0.000000	-0.192558
0.000100	-0.000000	0.000000	0.000000	0.000100	1.037333	0.000100	-0.197101
0.000200	-0.000000	0.000000	0.000000	0.000200	1.145501	0.000200	-0.208694
0.000300	-0.000000	0.000000	0.000000	0.000300	1.317835	0.000300	-0.222049
0.000400	-0.000000	0.000000	0.000000	0.000400	1.554708	0.000400	-0.229483
0.000500	-0.000000	0.000000	0.000000	0.000500	1.877070	0.000500	-0.218693
0.000600	-0.000000	0.000000	0.000000	0.000600	2.376520	0.000600	-0.158316
0.000700	-0.000000	0.000000	0.000000	0.000700	3.629748	0.000700	0.106807
0.000800	-0.000000	0.000000	0.000000	0.000800	4.527031	0.000800	0.225491
0.000900	-0.000000	0.000000	0.000000	0.000900	5.253541	0.000900	0.196303
0.001000	-0.000000	0.000000	0.000000	0.001000	5.808301	0.001000	0.104294
0.001100	-0.000000	0.000000	0.000000	0.001100	5.380390	0.001100	0.179629
0.001200	-0.000000	0.000000	0.000000	0.001200	5.119011	0.001200	0.210544
0.001300	-0.000000	0.000000	0.000000	0.001300	4.939271	0.001300	0.223553
0.001400	-0.000000	0.000000	0.000000	0.001400	4.825905	0.001400	0.228022
0.001500	-0.000000	0.000000	0.000000	0.001500	4.777559	0.001500	0.229025
0.001600	-0.000000	0.000000	0.000000	0.001600	4.795259	0.001600	0.228721
0.001700	-0.000000	0.000000	0.000000	0.001700	4.878523	0.001700	0.226315
0.001800	-0.000000	0.000000	0.000000	0.001800	5.026752	0.001800	0.218111
0.001900	-0.000000	0.000000	0.000000	0.001900	5.246419	0.001900	0.197151
0.002000	-0.000000	0.000000	0.000000	0.002000	5.574290	0.002000	0.148723
0.002100	-0.000000	0.000000	0.000000	0.002100	5.948812	0.002100	0.074817
0.002200	-0.000000	0.000000	0.000000	0.002200	5.752450	0.002200	0.115493
0.002300	-0.000000	0.000000	0.000000	0.002300	5.745731	0.002300	0.116817
0.002400	-0.000000	0.000000	0.000000	0.002400	5.920050	0.002400	0.080985
0.002500	-0.000000	0.000000	0.000000	0.002500	5.959083	0.002500	0.072600
0.002600	-0.000000	0.000000	0.000000	0.002600	5.978078	0.002600	0.068480
0.002700	-625.879345	0.000000	625.879345	0.002700	5.979498	0.002700	0.068172
0.002800	-653.273329	0.000000	653.273329	0.002800	5.981002	0.002800	0.067844
0.002900	-667.956913	0.000000	667.956913	0.002900	5.982364	0.002900	0.067548
0.003000	-671.434600	0.000000	671.434600	0.003000	5.983669	0.003000	0.067263
0.003100	-674.463808	0.000000	674.463808	0.003100	5.984839	0.003100	0.067008
0.003200	-677.258667	0.000000	677.258667	0.003200	5.985902	0.003200	0.066777
0.003300	-679.800927	0.000000	679.800927	0.003300	5.986865	0.003300	0.066567
0.003400	-682.118389	0.000000	682.118389	0.003400	5.987738	0.003400	0.066376
0.003500	-684.227922	0.000000	684.227922	0.003500	5.988528	0.003500	0.066204
0.003600	-686.147141	0.000000	686.147141	0.003600	5.989244	0.003600	0.066047
0.003700	-687.892053	0.000000	687.892053	0.003700	5.989893	0.003700	0.065906
0.003800	-689.477585	0.000000	689.477585	0.003800	5.990480	0.003800	0.065778
0.003900	-696.727402	0.000000	696.727402	0.003900	5.992403	0.003900	0.065358
0.004000	-694.476980	0.000000	694.476980	0.004000	5.992467	0.004000	0.065344
0.004100	-699.096981	0.000000	699.096981	0.004100	5.993588	0.004100	0.065099
0.004200	-702.550700	0.000000	702.550700	0.004200	5.994755	0.004200	0.064844
0.004300	-704.511957	0.000000	704.511957	0.004300	5.995579	0.004300	0.064664
0.004400	-705.311559	0.000000	705.311559	0.004400	5.996022	0.004400	0.064567
0.004500	-704.389545	0.000000	704.389545	0.004500	5.995941	0.004500	0.064585
0.004600	-704.483334	0.000000	704.483334	0.004600	5.995939	0.004600	0.064585
0.004700	-704.600485	0.000000	704.600485	0.004700	5.995965	0.004700	0.064579
0.004800	-704.690006	0.000000	704.690006	0.004800	5.995995	0.004800	0.064573
0.004900	-704.645357	0.000000	704.645357	0.004900	5.995993	0.004900	0.064573
0.005000	-704.665782	0.000000	704.665782	0.005000	5.995998	0.005000	0.064572
0.005100	-704.671872	0.000000	704.671872	0.005100	5.996000	0.005100	0.064572
0.005200	-704.679890	0.000000	704.679890	0.005200	5.996003	0.005200	0.064571
0.005300	-704.686623	0.000000	704.686623	0.005300	5.996005	0.005300	0.064571
0.005400	-704.717256	0.000000	704.717256	0.005400	5.996013	0.005400	0.064569
0.005500	-704.707962	0.000000	704.707962	0.005500	5.996014	0.005500	0.064569
0.005600	-704.714619	0.000000	704.714619	0.005600	5.996015	0.005600	0.064568
0.005700	-704.717570	0.000000	704.717570	0.005700	5.996017	0.005700	0.064568
0.005800	-704.733337	0.000000	704.733337	0.005800	5.996021	0.005800	0.064567
0.005900	-704.728597	0.000000	704.728597	0.005900	5.996021	0.005900	0.064567
0.006000	-704.738543	0.000000	704.738543	0.006000	5.996023	0.006000	0.064567
0.006100	-704.745924	0.000000	704.745924	0.006100	5.996026	0.006100	0.064566
0.006200	-704.742082	0.000000	704.742082	0.006200	5.996025	0.006200	0.064566
0.006300	-704.743775	0.000000	704.743775	0.006300	5.996026	0.006300	0.064566
0.006400	-704.744253	0.000000	704.744253	0.006400	5.996026	0.006400	0.064566
0.006500	-704.747267	0.000000	704.747267	0.006500	5.996027	0.006500	0.064566
0.006600	-704.746368	0.000000	704.746368	0.006600	5.996027	0.006600	0.064566
0.006700	-704.748273	0.000000	704.748273	0.006700	5.996027	0.006700	0.064566
0.006800	-704.747805	0.000000	704.747805	0.006800	5.996027	0.006800	0.064566
0.006900	-704.749070	0.000000	704.749070	0.006900	5.996028	0.006900	0.064566
0.007000	-704.750001	0.000000	704.750001	0.007000	5.996028	0.007000	0.064566
0.007100	-704.750521	0.000000	704.750521	0.007100	5.996028	0.007100	0.064566
0.007200	-704.750729	0.000000	704.750729	0.007200	5.996028	0.007200	0.064566
0.007300	-704.750486	0.000000	704.750486	0.007300	5.996028	0.007300	0.064566
0.007400	-704.750508	0.000000	704.750508	0.007400	5.996028	0.007400	0.064566
0.007500	-704.750537	0.000000	704.750537	0.007500	5.996028	0.007500	0.064566
0.007600	-704.750560	0.000000	704.750560	0.007600	5.996028	0.007600	0.064566
0.007700	-704.750573	0.000000	704.750573	0.007700	5.996028	0.007700	0.064566
0.007800	-704.750564	0.000000	704.750564	0.007800	5.996028	0.007800	0.064566
0.007900	-704.750567	0.000000	704.750567	0.007900	5.996028	0.007900	0.064566
0.008000	-704.750572	0.000000	704.750572	0.008000	5.996028	0.008000	0.064566
0.008100	-704.750570	0.000000	704.750570	0.008100	5.996028	0.008100	0.064566
0.008200	-704.750573	0.000000	704.750573	0.008200	5.996028	0.008200	0.064566
0.008300	-704.750572	0.000000	704.750572	0.008300	5.996028	0.008300	0.064566
0.008400	-704.750573	0.000000	704.750573	0.008400	5.996028	0.008400	0.064566
0.008500	-704.750574	0.000000	704.750574	0.008500	5.996028	0.008500	0.064566
0.008600	-704.750574	0.000000	704.750574	0.008600	5.996028	0.008600	0.064566
0.008700	-704.750574	0.000000	704.750574	0.008700	5.996028	0.008700	0.064566
0.008800	-704.750574	0.000000	704.750574	0.008800	5.996028	0.008800	0.064566
0.008900	-704.750574	0.000000	704.750574	0.008900	5.996028	0.008900	0.064566
0.009000	-704.750575	0.000000	704.750575	0.009000	5.996028	0.009000	0.064566
0.009100	-704.750575	0.000000	704.750575	0.009100	5.996028	0.009100	0.064566
0.009200	-704.750576	0.000000	704.750576	0.009200	5.996028	0.009200	0.064566
0.009300	-704.750576	0.000000	704.750576	0.009300	5.996028	0.009300	0.064566
0.009400	-704.750576	0.000000	704.750576	0.009400	5.996028	0.009400	0.064566
0.009500	-704.750576	0.000000	704.750576	0.009500	5.996028	0.009500	0.064566
0.009600	-704.750576	0.000000	704.750576	0.009600	5.996028	0.009600	0.064566
0.009700	-704.750576	0.000000	704.750576	0.009700	5.996028	0.009700	0.064566
0.009800	-704.750576	0.000000	704.750576	0.009800	5.996028	0.009800	0.064566
0.009900	-704.750576	0.000000	704.750576	0.009900	5.996028	0.009900	0.064566
0.010000	-704.750576	0.000000	704.750576	0.010000	5.996028	0.010000	0.064566
0.010100	-704.750576	0.000000	704.750576	0.010100	5.996028	0.010100	0.064566
0.010200	-704.750576	0.000000	704.750576	0.010200	5.996028	0.010200	0.064566
0.010300	-704.750576	0.000000	704.750576	0.010300	5.996028	0.010300	0.064566
0.010400	-704.750576	0.000000	704.750576	0.010400	5.996028	0.010400	0.064566
0.010500	-704.750576	0.000000	704.750576	0.010500	5.996028	0.010500	0.064566
0.010600	-704.750576	0.000000	704.750576	0.010600	5.996028	0.010600	0.064566
0.010700	-704.750576	0.000000	704.750576	0.010700	5.996028	0.010700	0.064566
0.010800	-704.750576	0.000000	704.750576	0.010800	5.996028	0.010800	0.064566
0.010900	-704.750576	0.000000	704.750576	0.010900	5.996028	0.010900	0.064566
0.011000	-704.750576	0.000000	704.750576	0.011000	5.996028	0.011000	0.064566
0.011100	-704.750576	0.000000	704.750576	0.011100	5.996028	0.011100	0.064566
0.011200	-704.750576	0.000000	704.750576	0.011200	5.996028	0.011200	0.064566
0.011300	-704.750576	0.000000	704.750576	0.011300	5.996028	0.011300	0.064566
0.011400	-704.750576	0.000000	704.750576	0.011400	5.996028	0.011400	0.064566
0.011500	-704.750576	0.000000	704.750576	0.011500	5.996028	0.011500	0.064566
0.011600	-704.750576	0.000000	704.750576	0.011600	5.996028	0.011600	0.064566
0.011700	-704.750576	0.000000	704.750576	0.011700	5.996028	0.011700	0.064566
0.011800	-704.750576	0.000000	704.750576	0.011800	5.996028	0.011800	0.064566
0.011900	-704.750576	0.000000	704.750576	0.011900	5.996028	0.011900	0.064566
0.012000	-704.750576	0.000000	704.750576	0.012000	5.996028	0.012000	0.064566
0.012100	-704.750576	0.000000	704.750576	0.012100	5.996028	0.012100	0.064566
0.012200	-704.750576	0.000000	704.750576	0.012200	5.996028	0.012200	0.064566
0.012300	-704.750576	0.000000	704.750576	0.012300	5.996028	0.012300	0.064566
0.012400	-704.750576	0.000000	704.750576	0.012400	5.996028	0.012400	0.064566
0.012500	-704.750576	0.000000	704.750576	0.012500	5.996028	0.012500	0.064566
0.012600	-704.750576	0.000000	704.750576	0.012600	5.996028	0.012600	0.064566
0.012700	-704.750576	0.000000	704.750576	0.012700	5.996028	0.012700	0.064566
0.012800	-704.750576	0.000000	704.750576	0.012800	5.996028	0.012800	0.064566
0.012900	-704.750576	0.000000	704.750576	0.012900	5.996028	0.012900	0.064566
0.013000	-704.750576	0.000000	704.750576	0.013000	5.996028	0.013000	0.064566
0.013100	-704.750576	0.000000	704.750576	0.013100	5.996028	0.013100	0.064566
0.013200	-704.750576	0.000000	704.750576	0.013200	5.996028	0.013200	0.064566
0.013300	-704.750576	0.000000	704.750576	0.013300	5.996028	0.013300	0.064566
0.013400	-704.750576	0.000000	704.750576	0.013400	5.996028	0.013400	0.064566
0.013500	-704.750576	0.000000	704.750576	0.013500	5.996028	0.013500	0.064566
0.013600	-704.750576	0.000000	704.750576	0.013600	5.996028	0.013600	0.064566
0.013700	-704.750576	0.000000	704.750576	0.013700	5.996028	0.013700	0.064566
0.013800	-704.750576	0.000000	704.750576	0.013800	5.996028	0.013800	0.064566
0.013900	-704.750576	0.000000	704.750576	0.013900	5.996028	0.013900	0.064566
0.014000	-704.750576	0.000000	704.750576	0.014000	5.996028	0.014000	0.064566
0.014100	-704.750576	0.000000	704.750576	0.014100	5.996028	0.014100	0.064566
0.014200	-704.750576	0.000000	704.750576	0.014200	5.996028	0.014200	0.064566
0.014300	-704.750576	0.000000	704.750576	0.014300	5.996028	0.014300	0.064566
0.014400	-704.750576	0.000000	704.750576	0.014400	5.996028	0.014400	0.064566
0.014500	-704.750576	0.000000	704.750576	0.014500	5.996028	0.014500	0.064566
0.014600	-704.750576	0.000000	704.750576	0.014600	5.996028	0.014600	0.064566
0.014700	-704.750576	0.000000	704.750576	0.014700	5.996028	0.014700	0.064566
0.014800	-704.750576	0.000000	704.750576	0.014800	5.996028	0.014800	0.064566
0.014900	-704.750576	0.000000	704.750576	0.014900	5.996028	0.014900	0.064566
0.015000	-704.750576	0.000000	704.750576	0.015000	5.996028	0.015000	0.064566
0.015100	-704.750576	0.000000	704.750576	0.015100	5.996028	0.015100	0.064566
0.015200	-704.750576	0.000000	704.750576	0.015200	5.996028	0.015200	0.064566
0.015300	-704.750576	0.000000	704.750576	0.015300	5.996028	0.015300	0.064566
0.015400	-704.750576	0.000000	704.750576	0.015400	5.996028	0.015400	0.064566
0.015500	-704.750576	0.000000	704.750576	0.015500	5.996028	0.015500	0.064566
0.015600	-704.750576	0.000000	704.750576	0.015600	5.996028	0.015600	0.064566
0.015700	-704.750576	0.000000	704.750576	0.015700	5.996028	0.015700	0.064566
0.015800	-704.750576	0.000000	704.750576	0.015800	5.996028	0.015800	0.064566
0.015900	-704.750576	0.000000	704.750576	0.015900	5.996028	0.015900	0.064566
0.016000	-704.750576	0.000000	704.750576	0.016000	5.996028	0.016000	0.064566
0.016100	-704.750576	0.000000	704.750576	0.016100	5.996028	0.016100	0.064566
0.016200	-704.750576	0.000000	704.750576	0.016200	5.996028	0.016200	0.064566
0.016300	-704.750576	0.000000	704.750576	0.016300	5.996028	0.016300	0.064566
0.016400	-704.750576	0.000000	704.750576	0.016400	5.996028	0.016400	0.064566
0.016500	-704.750576	0.000000	704.750576	0.016500	5.996028	0.016500	0.064566
0.016600	-704.750576	0.000000	704.750576	0.016600	5.996028	0.016600	0.064566
0.016700	-704.750576	0.000000	704.750576	0.016700	5.996028	0.016700	0.064566
0.016800	-704.750576	0.000000	704.750576	0.016800	5.996028	0.016800	0.064566
0.016900	-704.750576	0.000000	704.750576	0.016900	5.996028	0.016900	0.064566
0.017000	-704.750576	0.000000	704.750576	0.017000	5.996028	0.017000	0.064566
0.017100	-704.750576	0.000000	704.750576	0.017100	5.996028	0.017100	0.064566
0.017200	-704.750576	0.000000	704.750576	0.017200	5.996028	0.017200	0.064566
0.017300	-704.750576	0.000000	704.750576	0.017300	5.996028	0.017300	0.064566
0.017400	-704.750576	0.000000	704.750576	0.017400	5.996028	0.017400	0.064566
0.017500	-704.750576	0.000000	704.750576	0.017500	5.996028	0.017500	0.064566
0.017600	-704.750576	0.000000	704.750576	0.017600	5.996028	0.017600	0.064566
0.017700	-704.750576	0.000000	704.750576	0.017700	5.996028	0.017700	0.064566
0.017800	-704.750576	0.000000	704.750576	0.017800	5.996028	0.017800	0.064566
0.017900	-704.750576	0.000000	704.750576	0.017900	5.996028	0.017900	0.064566
0.018000	-704.750576	0.000000	704.750576	0.018000	5.996028	0.018000	0.064566
0.018100	-704.750576	0.000000	704.750576	0.018100	5.996028	0.018100	0.064566
0.018200	-704.750576	0.000000	704.750576	0.018200	5.996028	0.018200	0.064566
0.018300	-704.750576	0.000000	704.750576	0.018300	5.996028	0.018300	0.064566
0.018400	-704.750576	0.000000	704.750576	0.018400	5.996028	0.018400	0.064566
0.018500	-704.750576	0.000000	704.750576	0.018500	5.996028	0.018500	0.064566
0.018600	-704.750576	0.000000	704.750576	0.018600	5.996028	0.018600	0.064566
0.018700	-704.750576	0.000000	704.750576	0.018700	5.996028	0.018700	0.064566
0.018800	-704.750576	0.000000	704.750576	0.018800	5.996028	0.018800	0.064566
0.018900	-704.750576	0.000000	704.750576	0.018900	5.996028	0.018900	0.064566
0.019000	-704.750576	0.000000	704.750576	0.019000	5.996028	0.019000	0.064566
0.019100	-704.750576	0.000000	704.750576	0.019100	5.996028	0.019100	0.064566
0.019200	-704.750576	0.000000	704.750576	0.019200	5.996028	0.019200	0.064566
0.019300	-704.750576	0.000000	704.750576	0.019300	5.996028	0.019300	0.064566
0.019400	-704.750576	0.000000	704.750576	0.019400	5.996028	0.019400	0.064566
0.019500	-704.750576	0.000000	704.750576	0.019500	5.996028	0.019500	0.064566
0.019600	-704.750576	0.000000	704.750576	0.019600	5.996028	0.019600	0.064566
0.019700	-704.750576	0.000000	704.750576	0.019700	5.996028	0.019700	0.064566
0.019800	-704.750576	0.000000	704.750576	0.019800	5.996028	0.019800	0.064566
0.019900	-704.750576	0.000000	704.750576	0.019900	5.996028	0.019900	0.064566
0.020000	-704.750576	0.000000	704.750576	0.020000	5.996028	0.020000	0.064566
0.020100	-704.750576	0.000000	704.750576	0.020100	5.996028	0.020100	0.064566
0.020200	-704.750576	0.000000	704.750576	0.020200	5.996028	0.020200	0.064566
0.020300	-704.750576	0.000000	704.750576	0.020300	5.996028	0.020300	0.064566
0.020400	-704.750576	0.000000	704.750576	0.020400	5.996028	0.020400	0.064566
0.020500	-704.750576	0.000000	704.750576	0.020500	5.996028	0.020500	0.064566
0.020600	-704.750576	0.000000	704.750576	0.020600	5.996028	0.020600	0.064566
0.020700	-704.750576	0.000000	704.750576	0.020700	5.996028	0.020700	0.064566
0.020800	-704.750576	0.000000	704.750576	0.020800	5.996028	0.020800	0.064566
0.020900	-704.750576	0.000000	704.750576	0.020900	5.996028	0.020900	0.064566
0.021000	-704.750576	0.000000	704.750576	0.021000	5.996028	0.021000	0.064566
0.021100	-704.750576	0.000000	704.750576	0.021100	5.996028	0.021100	0.064566
0.021200	-704.750576	0.000000	704.750576	0.021200	5.996028	0.021200	0.064566
0.021300	-704.750576	0.000000	704.750576	0.021300	5.996028	0.021300	0.064566
0.021400	-704.750576	0.000000	704.750576	0.021400	5.996028	0.021400	0.064566
0.021500	-704.750576	0.000000	704.750576	0.021500	5.996028	0.021500	0.064566
0.021600	-704.750576	0.000000	704.750576	0.021600	5.996028	0.021600	0.064566
0.021700	-704.750576	0.000000	704.750576	0.021700	5.996028	0.021700	0.064566
0.021800	-704.750576	0.000000	704.750576	0.021800	5.996028	0.021800	0.064566
0.021900	-704.750576	0.000000	704.750576	0.021900	5.996028	0.021900	0.064566
0.022000	-704.750576	0.000000	704.750576	0.022000	5.996028	0.022000	0.064566
0.022100	-704.750576	0.000000	704.750576	0.022100	5.996028	0.022100	0.064566
0.022200	-704.750576	0.000000	704.750576	0.022200	5.996028	0.022200	0.064566
0.022300	-704.750576	0.000000	704.750576	0.022300	5.996028	0.022300	0.064566
0.022400	-704.750576	0.000000	704.750576	0.022400	5.996028	0.022400	0.064566
0.022500	-704.750576	0.000000	704.750576	0.022500	5.996028	0.022500	0.064566
0.022600	-704.750576	0.000000	704.750576	0.022600	5.996028	0.022600	0.064566
0.022700	-704.750576	0.000000	704.750576	0.022700	5.996028	0.022700	0.064566
0.022800	-704.750576	0.000000	704.750576	0.022800	5.996028	0.022800	0.064566
0.022900	-704.750576	0.000000	704.750576	0.022900	5.996028	0.022900	0.064566
0.023000	-704.750576	0.000000	704.750576	0.023000	5.996028	0.023000	0.064566
0.023100	-704.750576	0.000000	704.750576	0.023100	5.996028	0.023100	0.064566
0.023200	-704.750576	0.000000	704.750576	0.023200	5.996028	0.023200	0.064566
0.023300	-704.750576	0.000000	704.750576	0.023300	5.996028	0.023300	0.064566
0.023400	-704.750576	0.000000	704.750576	0.023400	5.996028	0.023400	0.064566
0.023500	-704.750576	0.000000	704.750576	0.023500	5.996028	0.023500	0.064566
0.023600	-704.750576	0.000000	704.750576	0.023600	5.996028	0.023600	0.064566
0.023700	-704.750576	0.000000	704.750576	0.023700	5.996028	0.023700	0.064566
0.023800	-704.750576	0.000000	704.750576	0.023800	5.996028	0.023800	0.064566
0.023900	-704.750576	0.000000	704.750576	0.023900	5.996028	0.023900	0.064566
0.024000	-704.750576	0.000000	704.750576	0.024000	5.996028	0.024000	0.064566
0.024100	-704.750576	0.000000	704.750576	0.024100	5.996028	0.024100	0.064566
0.024200	-704.750576	0.000000	704.750576	0.024200	5.996028	0.024200	0.064566
0.024300	-704.750576	0.000000	704.750576	0.024300	5.996028	0.024300	0.064566
0.024400	-704.750576	0.000000	704.750576	0.024400	5.996028	0.024400	0.064566
0.024500	-704.750576	0.000000	704.750576	0.024500	5.996028	0.024500	0.064566
0.024600	-704.750576	0.000000	704.750576	0.024600	5.996028	0.024600	0.064566
0.024700	-704.750576	0.000000	704.750576	0.024700	5.996028	0.024700	0.064566
0.024800	-704.750576	0.000000	704.750576	0.024800	5.996028	0.024800	0.064566
0.024900	-704.750576	0.000000	704.750576	0.024900	5.996028	0.024900	0.064566
0.025000	-704.750576	0.000000	704.750576	0.025000	5.996028	0.025000	0.064566
0.025100	-704.750576	0.000000	704.750576	0.025100	5.996028	0.025100	0.064566
0.025200	-704.750576	0.000000	704.750576	0.025200	5.996028	0.025200	0.064566
0.025300	-704.750576	0.000000	704.750576	0.025300	5.996028	0.025300	0.064566
0.025400	-704.750576	0.000000	704.750576	0.025400	5.996028	0.025400	0.064566
0.025500	-704.750576	0.000000	704.750576	0.025500	5.996028	0.025500	0.064566
0.025600	-704.750576	0.000000	704.750576	0.025600	5.996028	0.025600	0.064566
0.025700	-704.750576	0.000000	704.750576	0.025700	5.996028	0.025700	0.064566
0.025800	-704.750576	0.000000	704.750576	0.025800	5.996028	0.025800	0.064566
0.025900	-704.750576	0.000000	704.750576	0.025900	5.996028	0.025900	0.064566
0.026000	-704.750576	0.000000	704.750576	0.026000	5.996028	0.026000	0.064566
0.026100	-704.750576	0.000000	704.750576	0.026100	5.996028	0.026100	0.064566
0.026200	-704.750576	0.000000	704.750576	0.026200	5.996028	0.026200	0.064566
0.026300	-704.750576	0.000000	704.750576	0.026300	5.996028	0.026300	0.064566
0.026400	-704.750576	0.000000	704.750576	0.026400	5.996028	0.026400	0.064566
0.026500	-704.750576	0.000000	704.750576	0.026500	5.996028	0.026500	0.064566
0.026600	-704.750576	0.000000	704.750576	0.026600	5.996028	0.026600	0.064566
0.026700	-704.750576	0.000000	704.750576	0.026700	5.996028	0.026700	0.064566
0.026800	-704.750576	0.000000	704.750576	0.026800	5.996028	0.026800	0.064566
0.026900	-704.750576	0.000000	704.750576	0.026900	5.996028	0.026900	0.064566
0.027000	-704.750576	0.000000	704.750576	0.027000	5.996028	0.027000	0.064566
0.027100	-704.750576	0.000000	704.750576	0.027100	5.996028	0.027100	0.064566
0.027200	-704.750576	0.000000	704.750576	0.027200	5.996028	0.027200	0.064566
0.027300	-704.750576	0.000000	704.750576	0.027300	5.996028	0.027300	0.064566
0.027400	-704.750576	0.000000	704.750576	0.027400	5.996028	0.027400	0.064566
0.027500	-704.750576	0.000000	704.750576	0.027500	5.996028	0.027500	0.064566
0.027600	-704.750576	0.000000	704.750576	0.027600	5.996028	0.027600	0.064566
0.027700	-704.750576	0.000000	704.750576	0.027700	5.996028	0.027700	0.064566
0.027800	-704.750576	0.000000	704.750576	0.027800	5.996028	0.027800	0.064566
0.027900	-704.750576	0.000000	704.750576	0.027900	5.996028	0.027900	0.064566
0.028000	-704.750576	0.000000	704.750576	0.028000	5.996028	0.028000	0.064566
0.028100	-704.750576	0.000000	704.750576	0.028100	5.996028	0.028100	0.064566
0.028200	-704.750576	0.000000	704.750576	0.028200	5.996028	0.028200	0.064566
0.028300	-704.750576	0.000000	704.750576	0.028300	5.996028	0.028300	0.064566
0.028400	-704.750576	0.000000	704.750576	0.028400	5.996028	0.028400	0.064566
0.028500	-704.750576	0.000000	704.750576	0.028500	5.996028	0.028500	0.064566
0.028600	-704.750576	0.000000	704.750576	0.028600	5.996028	0.028600	0.064566
0.028700	-704.750576	0.000000	704.750576	0.028700	5.996028	0.028700	0.064566
0.028800	-704.750576	0.000000	704.750576	0.028800	5.996028	0.028800	0.064566
0.028900	-704.750576	0.000000	704.750576	0.028900	5.996028	0.028900	0.064566
0.029000	-704.750576	0.000000	704.750576	0.029000	5.996028	0.029000	0.064566
0.029100	-704.750576	0.000000	704.750576	0.029100	5.996028	0.029100	0.064566
0.029200	-704.750576	0.000000	704.750576	0.029200	5.996028	0.029200	0.064566
0.029300	-704.750576	0.000000	704.750576	0.029300	5.996028	0.029300	0.064566
0.029400	-704.750576	0.000000	704.750576	0.029400	5.996028	0.029400	0.064566
0.029500	-704.750576	0.000000	704.750576	0.029500	5.996028	0.029500	0.064566
0.029600	-704.750576	0.000000	704.750576	0.029600	5.996028	0.029600	0.064566
0.029700	-704.750576	0.000000	704.750576	0.029700	5.996028	0.029700	0.064566
0.029800	-704.750576	0.000000	704.750576	0.029800	5.996028	0.029800	0.064566
0.029900	-704.750576	0.000000	704.750576	0.029900	5.996028	0.029900	0.064566
0.030000	-704.750576	0.000000	704.750576	0.030000	5.996028	0.030000	0.064566
0.030100	-704.750576	0.000000	704.750576	0.030100	5.996028	0.030100	0.064566
0.030200	-704.750576	0.000000	704.750576	0.030200	5.996028	0.030200	0.064566
0.030300	-704.750576	0.000000	704.750576	0.030300	5.996028	0.030300	0.064566
0.030400	-704.750576	0.000000	704.750576	0.030400	5.996028	0.030400	0.064566
0.030500	-704.750576	0.000000	704.750576	0.030500	5.996028	0.030500	0.064566
0.030600	-704.750576	0.000000	704.750576	0.030600	5.996028	0.030600	0.064566
0.030700	-704.750576	0.000000	704.750576	0.030700	5.996028	0.030700	0.064566
0.030800	-704.750576	0.000000	704.750576	0.030800	5.996028	0.030800	0.064566
0.030900	-704.750576	0.000000	704.750576	0.030900	5.996028	0.030900	0.064566
0.031000	-704.750576	0.000000	704.750576	0.031000	5.996028	0.031000	0.064566
0.031100	-704.750576	0.000000	704.750576	0.031100	5.996028	0.031100	0.064566
0.031200	-704.750576	0.000000	704.750576	0.031200	5.996028	0.031200	0.064566
0.031300	-704.750576	0.000000	704.750576	0.031300	5.996028	0.031300	0.064566
0.031400	-704.750576	0.000000	704.750576	0.031400	5.996028	0.031400	0.064566
0.031500	-704.750576	0.000000	704.750576	0.031500	5.996028	0.031500	0.064566
0.031600	-704.750576	0.000000	704.750576	0.031600	5.996028	0.031600	0.064566
0.031700	-704.750576	0.000000	704.750576	0.031700	5.996028	0.031700	0.064566
0.031800	-704.750576	0.000000	704.750576	0.031800	5.996028	0.031800	0.064566
0.031900	-704.750576	0.000000	704.750576	0.031900	5.996028	0.031900	0.064566
0.032000	-704.750576	0.000000	704.750576	0.032000	5.996028	0.032000	0.064566
0.032100	-704.750576	0.000000	704.750576	0.032100	5.996028	0.032100	0.064566
0.032200	-704.750576	0.000000	704.750576	0.032200	5.996028	0.032200	0.064566
0.032300	-704.750576	0.000000	704.750576	0.032300	5.996028	0.032300	0.064566
0.032400	-704.750576	0.000000	704.750576	0.032400	5.996028	0.032400	0.064566
0.032500	-704.750576	0.000000	704.750576	0.032500	5.996028	0.032500	0.064566
0.032600	-704.750576	0.000000	704.750576	0.032600	5.996028	0.032600	0.064566
0.032700	-704.750576	0.000000	704.750576	0.032700	5.996028	0.032700	0.064566
0.032800	-704.750576	0.000000	704.750576	0.032800	5.996028	0.032800	0.064566
0.032900	-704.750576	0.000000	704.750576	0.032900	5.996028	0.032900	0.064566
0.033000	-704.750576	0.000000	704.750576	0.033000	5.996028	0.033000	0.064566
0.033100	-704.750576	0.000000	704.750576	0.033100	5.996028	0.033100	0.064566
0.033200	-704.750576	0.000000	704.750576	0.033200	5.996028	0.033200	0.064566
0.033300	-704.750576	0.000000	704.750576	0.033300	5.996028	0.033300	0.064566
0.033400	-704.750576	0.000000	704.750576	0.033400	5.996028	0.033400	0.064566
0.033500	-704.750576	0.000000	704.750576	0.033500	5.996028	0.033500	0.064566
0.033600	-704.750576	0.000000	704.750576	0.033600	5.996028	0.033600	0.064566
0.033700	-704.750576	0.000000	704.750576	0.033700	5.996028	0.033700	0.064566
0.033800	-704.750576	0.000000	704.750576	0.033800	5.996028	0.033800	0.064566
0.033900	-704.750576	0.000000	704.750576	0.033900	5.996028	0.033900	0.064566
0.034000	-704.750576	0.000000	704.750576	0.034000	5.996028	0.034000	0.064566
0.034100	-704.750576	0.000000	704.750576	0.034100	5.996028	0.034100	0.064566
0.034200	-704.750576	0.000000	704.750576	0.034200	5.996028	0.034200	0.064566
0.034300	-704.750576	0.000000	704.750576	0.034300	5.996028	0.034300	0.064566
0.034400	-704.750576	0.000000	704.750576	0.034400	5.996028	0.034400	0.064566
0.034500	-704.750576	0.000000	704.750576	0.034500	5.996028	0.034500	0.064566
0.034600	-704.750576	0.000000	704.750576	0.034600	5.996028	0.034600	0.064566
0.034700	-704.750576	0.000000	704.750576	0.034700	5.996028	0.034700	0.064566
0.034800	-704.750576	0.000000	704.750576	0.034800	5.996028	0.034800	0.064566
0.034900	-704.750576	0.000000	704.750576	0.034900	5.996028	0.034900	0.064566
0.035000	-704.750576	0.000000	704.750576	0.035000	5.996028	0.035000	0.064566
0.035100	-704.750576	0.000000	704.750576	0.035100	5.996028	0.035100	0.064566
0.035200	-704.750576	0.000000	704.750576	0.035200	5.996028	0.035200	0.064566
0.035300	-704.750576	0.000000	704.750576	0.035300	5.996028	0.035300	0.064566
0.035400	-704.750576	0.000000	704.750576	0.035400	5.996028	0.035400	0.064566
