SliderCrank
13:20:20  3/17/2022
Contact Force of Square 18 on Piston 6				Rotation of Crank 1		Rotation of Connecting Rod 2
t	Fx	Fy	|F|	t	rot	t	rot
0.000000	-0.000000	0.000000	0.000000	0.000000	1.000000	0.000000	-0.192558
0.000100	-0.000000	0.000000	0.000000	0.000100	1.037333	0.000100	-0.197101
0.000200	-0.000000	0.000000	0.000000	0.000200	1.145501	0.000200	-0.208694
0.000300	-0.000000	0.000000	0.000000	0.000300	1.317835	0.000300	-0.222049
0.000400	-0.000000	0.000000	0.000000	0.000400	1.554708	0.000400	-0.229483
0.000500	-0.000000	0.000000	0.000000	0.000500	1.877070	0.000500	-0.218693
0.000600	-0.000000	0.000000	0.000000	0.000600	2.376520	0.000600	-0.158316
0.000700	-0.000000	0.000000	0.000000	0.000700	3.629757	0.000700	0.106809
0.000800	-0.000000	0.000000	0.000000	0.000800	4.527052	0.000800	0.225487
0.000900	-0.000000	0.000000	0.000000	0.000900	5.253620	0.000900	0.196287
0.001000	-0.000000	0.000000	0.000000	0.001000	5.213475	0.001000	0.200922
0.001100	-0.000000	0.000000	0.000000	0.001100	4.911780	0.001100	0.224898
0.001200	-0.000000	0.000000	0.000000	0.001200	4.677639	0.001200	0.229360
0.001300	-0.000000	0.000000	0.000000	0.001300	4.503683	0.001300	0.224417
0.001400	-0.000000	0.000000	0.000000	0.001400	4.398948	0.001400	0.218109
0.001500	-0.000000	0.000000	0.000000	0.001500	4.375611	0.001500	0.216372
0.001600	-0.000000	0.000000	0.000000	0.001600	4.437195	0.001600	0.220698
0.001700	-0.000000	0.000000	0.000000	0.001700	4.575058	0.001700	0.227291
0.001800	-0.000000	0.000000	0.000000	0.001800	4.776884	0.001800	0.229026
0.001900	-0.000000	0.000000	0.000000	0.001900	5.039213	0.001900	0.217187
0.002000	-0.000000	0.000000	0.000000	0.002000	5.384699	0.002000	0.179003
0.002100	-0.000000	0.000000	0.000000	0.002100	5.352239	0.002100	0.183580
0.002200	-0.000000	0.000000	0.000000	0.002200	5.244955	0.002200	0.197317
0.002300	-0.000000	0.000000	0.000000	0.002300	5.213593	0.002300	0.200910
0.002400	-0.000000	0.000000	0.000000	0.002400	5.254307	0.002400	0.196207
0.002500	-0.000000	0.000000	0.000000	0.002500	5.372237	0.002500	0.180782
0.002600	-0.000000	0.000000	0.000000	0.002600	5.457749	0.002600	0.168027
0.002700	-0.000000	0.000000	0.000000	0.002700	5.424704	0.002700	0.173105
0.002800	-0.000000	0.000000	0.000000	0.002800	5.481027	0.002800	0.164343
0.002900	-0.000000	0.000000	0.000000	0.002900	5.484095	0.002900	0.163850
0.003000	-251.068195	0.000000	251.068195	0.003000	5.485188	0.003000	0.163675
0.003100	-283.802570	0.000000	283.802570	0.003100	5.485853	0.003100	0.163568
0.003200	-289.162018	0.000000	289.162018	0.003200	5.486476	0.003200	0.163467
0.003300	-289.747459	0.000000	289.747459	0.003300	5.487061	0.003300	0.163373
0.003400	-290.221279	0.000000	290.221279	0.003400	5.487586	0.003400	0.163288
0.003500	-290.660974	0.000000	290.660974	0.003500	5.488061	0.003500	0.163212
0.003600	-291.056188	0.000000	291.056188	0.003600	5.488490	0.003600	0.163142
0.003700	-291.413935	0.000000	291.413935	0.003700	5.488878	0.003700	0.163080
0.003800	-291.737233	0.000000	291.737233	0.003800	5.489229	0.003800	0.163023
0.003900	-292.029489	0.000000	292.029489	0.003900	5.489546	0.003900	0.162972
0.004000	-292.293651	0.000000	292.293651	0.004000	5.489832	0.004000	0.162925
0.004100	-292.532414	0.000000	292.532414	0.004100	5.490091	0.004100	0.162884
0.004200	-292.748213	0.000000	292.748213	0.004200	5.490325	0.004200	0.162846
0.004300	-292.943250	0.000000	292.943250	0.004300	5.490536	0.004300	0.162812
0.004400	-293.119517	0.000000	293.119517	0.004400	5.490727	0.004400	0.162781
0.004500	-293.278817	0.000000	293.278817	0.004500	5.490900	0.004500	0.162753
0.004600	-293.422779	0.000000	293.422779	0.004600	5.491056	0.004600	0.162727
0.004700	-294.685215	0.000000	294.685215	0.004700	5.491565	0.004700	0.162645
0.004800	-293.747395	0.000000	293.747395	0.004800	5.491582	0.004800	0.162642
0.004900	-294.038786	0.000000	294.038786	0.004900	5.491688	0.004900	0.162625
0.005000	-294.070346	0.000000	294.070346	0.005000	5.491765	0.005000	0.162613
0.005100	-294.723513	0.000000	294.723513	0.005100	5.492026	0.005100	0.162570
0.005200	-294.244118	0.000000	294.244118	0.005200	5.492035	0.005200	0.162569
0.005300	-294.695527	0.000000	294.695527	0.005300	5.492188	0.005300	0.162544
0.005400	-294.430640	0.000000	294.430640	0.005400	5.492198	0.005400	0.162543
0.005500	-294.519015	0.000000	294.519015	0.005500	5.492233	0.005500	0.162537
0.005600	-294.760848	0.000000	294.760848	0.005600	5.492334	0.005600	0.162520
0.005700	-294.853341	0.000000	294.853341	0.005700	5.492428	0.005700	0.162505
0.005800	-294.862300	0.000000	294.862300	0.005800	5.492490	0.005800	0.162495
0.005900	-294.716028	0.000000	294.716028	0.005900	5.492482	0.005900	0.162497
0.006000	-294.749463	0.000000	294.749463	0.006000	5.492488	0.006000	0.162496
0.006100	-294.773349	0.000000	294.773349	0.006100	5.492499	0.006100	0.162494
0.006200	-294.751547	0.000000	294.751547	0.006200	5.492499	0.006200	0.162494
0.006300	-294.769104	0.000000	294.769104	0.006300	5.492505	0.006300	0.162493
0.006400	-294.776569	0.000000	294.776569	0.006400	5.492511	0.006400	0.162492
0.006500	-294.778014	0.000000	294.778014	0.006500	5.492515	0.006500	0.162491
0.006600	-294.776797	0.000000	294.776797	0.006600	5.492517	0.006600	0.162491
0.006700	-294.774608	0.000000	294.774608	0.006700	5.492518	0.006700	0.162491
0.006800	-294.772370	0.000000	294.772370	0.006800	5.492518	0.006800	0.162491
0.006900	-294.772368	0.000000	294.772368	0.006900	5.492518	0.006900	0.162491
0.007000	-294.772367	0.000000	294.772367	0.007000	5.492518	0.007000	0.162491
0.007100	-294.772366	0.000000	294.772366	0.007100	5.492518	0.007100	0.162491
0.007200	-294.772366	0.000000	294.772366	0.007200	5.492518	0.007200	0.162491
0.007300	-294.772366	0.000000	294.772366	0.007300	5.492518	0.007300	0.162491
0.007400	-294.772366	0.000000	294.772366	0.007400	5.492518	0.007400	0.162491
0.007500	-294.772365	0.000000	294.772365	0.007500	5.492518	0.007500	0.162491
0.007600	-294.772365	0.000000	294.772365	0.007600	5.492518	0.007600	0.162491
0.007700	-294.772365	0.000000	294.772365	0.007700	5.492518	0.007700	0.162491
0.007800	-294.772365	0.000000	294.772365	0.007800	5.492518	0.007800	0.162491
0.007900	-294.772365	0.000000	294.772365	0.007900	5.492518	0.007900	0.162491
0.008000	-294.772365	0.000000	294.772365	0.008000	5.492518	0.008000	0.162491
0.008100	-294.772365	0.000000	294.772365	0.008100	5.492518	0.008100	0.162491
0.008200	-294.772365	0.000000	294.772365	0.008200	5.492518	0.008200	0.162491
0.008300	-294.772365	0.000000	294.772365	0.008300	5.492518	0.008300	0.162491
0.008400	-294.772365	0.000000	294.772365	0.008400	5.492518	0.008400	0.162491
0.008500	-294.772365	0.000000	294.772365	0.008500	5.492518	0.008500	0.162491
0.008600	-294.772365	0.000000	294.772365	0.008600	5.492518	0.008600	0.162491
0.008700	-294.772365	0.000000	294.772365	0.008700	5.492518	0.008700	0.162491
0.008800	-294.772365	0.000000	294.772365	0.008800	5.492518	0.008800	0.162491
0.008900	-294.772365	0.000000	294.772365	0.008900	5.492518	0.008900	0.162491
0.009000	-294.772365	0.000000	294.772365	0.009000	5.492518	0.009000	0.162491
0.009100	-294.772365	0.000000	294.772365	0.009100	5.492518	0.009100	0.162491
0.009200	-294.772365	0.000000	294.772365	0.009200	5.492518	0.009200	0.162491
0.009300	-294.772365	0.000000	294.772365	0.009300	5.492518	0.009300	0.162491
0.009400	-294.772365	0.000000	294.772365	0.009400	5.492518	0.009400	0.162491
0.009500	-294.772365	0.000000	294.772365	0.009500	5.492518	0.009500	0.162491
0.009600	-294.772365	0.000000	294.772365	0.009600	5.492518	0.009600	0.162491
0.009700	-294.772365	0.000000	294.772365	0.009700	5.492518	0.009700	0.162491
0.009800	-294.772365	0.000000	294.772365	0.009800	5.492518	0.009800	0.162491
0.009900	-294.772365	0.000000	294.772365	0.009900	5.492518	0.009900	0.162491
0.010000	-294.772365	0.000000	294.772365	0.010000	5.492518	0.010000	0.162491
0.010100	-294.772365	0.000000	294.772365	0.010100	5.492518	0.010100	0.162491
0.010200	-294.772365	0.000000	294.772365	0.010200	5.492518	0.010200	0.162491
0.010300	-294.772365	0.000000	294.772365	0.010300	5.492518	0.010300	0.162491
0.010400	-294.772365	0.000000	294.772365	0.010400	5.492518	0.010400	0.162491
0.010500	-294.772365	0.000000	294.772365	0.010500	5.492518	0.010500	0.162491
0.010600	-294.772365	0.000000	294.772365	0.010600	5.492518	0.010600	0.162491
0.010700	-294.772365	0.000000	294.772365	0.010700	5.492518	0.010700	0.162491
0.010800	-294.772365	0.000000	294.772365	0.010800	5.492518	0.010800	0.162491
0.010900	-294.772365	0.000000	294.772365	0.010900	5.492518	0.010900	0.162491
0.011000	-294.772365	0.000000	294.772365	0.011000	5.492518	0.011000	0.162491
0.011100	-294.772365	0.000000	294.772365	0.011100	5.492518	0.011100	0.162491
0.011200	-294.772365	0.000000	294.772365	0.011200	5.492518	0.011200	0.162491
0.011300	-294.772365	0.000000	294.772365	0.011300	5.492518	0.011300	0.162491
0.011400	-294.772365	0.000000	294.772365	0.011400	5.492518	0.011400	0.162491
0.011500	-294.772365	0.000000	294.772365	0.011500	5.492518	0.011500	0.162491
0.011600	-294.772365	0.000000	294.772365	0.011600	5.492518	0.011600	0.162491
0.011700	-294.772365	0.000000	294.772365	0.011700	5.492518	0.011700	0.162491
0.011800	-294.772365	0.000000	294.772365	0.011800	5.492518	0.011800	0.162491
0.011900	-294.772365	0.000000	294.772365	0.011900	5.492518	0.011900	0.162491
0.012000	-294.772365	0.000000	294.772365	0.012000	5.492518	0.012000	0.162491
0.012100	-294.772365	0.000000	294.772365	0.012100	5.492518	0.012100	0.162491
0.012200	-294.772365	0.000000	294.772365	0.012200	5.492518	0.012200	0.162491
0.012300	-294.772365	0.000000	294.772365	0.012300	5.492518	0.012300	0.162491
0.012400	-294.772365	0.000000	294.772365	0.012400	5.492518	0.012400	0.162491
0.012500	-294.772365	0.000000	294.772365	0.012500	5.492518	0.012500	0.162491
0.012600	-294.772365	0.000000	294.772365	0.012600	5.492518	0.012600	0.162491
0.012700	-294.772365	0.000000	294.772365	0.012700	5.492518	0.012700	0.162491
0.012800	-294.772365	0.000000	294.772365	0.012800	5.492518	0.012800	0.162491
0.012900	-294.772365	0.000000	294.772365	0.012900	5.492518	0.012900	0.162491
0.013000	-294.772365	0.000000	294.772365	0.013000	5.492518	0.013000	0.162491
0.013100	-294.772365	0.000000	294.772365	0.013100	5.492518	0.013100	0.162491
0.013200	-294.772365	0.000000	294.772365	0.013200	5.492518	0.013200	0.162491
0.013300	-294.772365	0.000000	294.772365	0.013300	5.492518	0.013300	0.162491
0.013400	-294.772365	0.000000	294.772365	0.013400	5.492518	0.013400	0.162491
0.013500	-294.772365	0.000000	294.772365	0.013500	5.492518	0.013500	0.162491
0.013600	-294.772365	0.000000	294.772365	0.013600	5.492518	0.013600	0.162491
0.013700	-294.772365	0.000000	294.772365	0.013700	5.492518	0.013700	0.162491
0.013800	-294.772365	0.000000	294.772365	0.013800	5.492518	0.013800	0.162491
0.013900	-294.772365	0.000000	294.772365	0.013900	5.492518	0.013900	0.162491
0.014000	-294.772365	0.000000	294.772365	0.014000	5.492518	0.014000	0.162491
0.014100	-294.772365	0.000000	294.772365	0.014100	5.492518	0.014100	0.162491
0.014200	-294.772365	0.000000	294.772365	0.014200	5.492518	0.014200	0.162491
0.014300	-294.772365	0.000000	294.772365	0.014300	5.492518	0.014300	0.162491
0.014400	-294.772365	0.000000	294.772365	0.014400	5.492518	0.014400	0.162491
0.014500	-294.772365	0.000000	294.772365	0.014500	5.492518	0.014500	0.162491
0.014600	-294.772365	0.000000	294.772365	0.014600	5.492518	0.014600	0.162491
0.014700	-294.772365	0.000000	294.772365	0.014700	5.492518	0.014700	0.162491
0.014800	-294.772365	0.000000	294.772365	0.014800	5.492518	0.014800	0.162491
0.014900	-294.772365	0.000000	294.772365	0.014900	5.492518	0.014900	0.162491
0.015000	-294.772365	0.000000	294.772365	0.015000	5.492518	0.015000	0.162491
0.015100	-294.772365	0.000000	294.772365	0.015100	5.492518	0.015100	0.162491
0.015200	-294.772365	0.000000	294.772365	0.015200	5.492518	0.015200	0.162491
0.015300	-294.772365	0.000000	294.772365	0.015300	5.492518	0.015300	0.162491
0.015400	-294.772365	0.000000	294.772365	0.015400	5.492518	0.015400	0.162491
0.015500	-294.772365	0.000000	294.772365	0.015500	5.492518	0.015500	0.162491
0.015600	-294.772365	0.000000	294.772365	0.015600	5.492518	0.015600	0.162491
0.015700	-294.772365	0.000000	294.772365	0.015700	5.492518	0.015700	0.162491
0.015800	-294.772365	0.000000	294.772365	0.015800	5.492518	0.015800	0.162491
0.015900	-294.772365	0.000000	294.772365	0.015900	5.492518	0.015900	0.162491
0.016000	-294.772365	0.000000	294.772365	0.016000	5.492518	0.016000	0.162491
0.016100	-294.772365	0.000000	294.772365	0.016100	5.492518	0.016100	0.162491
0.016200	-294.772365	0.000000	294.772365	0.016200	5.492518	0.016200	0.162491
0.016300	-294.772365	0.000000	294.772365	0.016300	5.492518	0.016300	0.162491
0.016400	-294.772365	0.000000	294.772365	0.016400	5.492518	0.016400	0.162491
0.016500	-294.772365	0.000000	294.772365	0.016500	5.492518	0.016500	0.162491
0.016600	-294.772365	0.000000	294.772365	0.016600	5.492518	0.016600	0.162491
0.016700	-294.772365	0.000000	294.772365	0.016700	5.492518	0.016700	0.162491
0.016800	-294.772365	0.000000	294.772365	0.016800	5.492518	0.016800	0.162491
0.016900	-294.772365	0.000000	294.772365	0.016900	5.492518	0.016900	0.162491
0.017000	-294.772365	0.000000	294.772365	0.017000	5.492518	0.017000	0.162491
0.017100	-294.772365	0.000000	294.772365	0.017100	5.492518	0.017100	0.162491
0.017200	-294.772365	0.000000	294.772365	0.017200	5.492518	0.017200	0.162491
0.017300	-294.772365	0.000000	294.772365	0.017300	5.492518	0.017300	0.162491
0.017400	-294.772365	0.000000	294.772365	0.017400	5.492518	0.017400	0.162491
0.017500	-294.772365	0.000000	294.772365	0.017500	5.492518	0.017500	0.162491
0.017600	-294.772365	0.000000	294.772365	0.017600	5.492518	0.017600	0.162491
0.017700	-294.772365	0.000000	294.772365	0.017700	5.492518	0.017700	0.162491
0.017800	-294.772365	0.000000	294.772365	0.017800	5.492518	0.017800	0.162491
0.017900	-294.772365	0.000000	294.772365	0.017900	5.492518	0.017900	0.162491
0.018000	-294.772365	0.000000	294.772365	0.018000	5.492518	0.018000	0.162491
0.018100	-294.772365	0.000000	294.772365	0.018100	5.492518	0.018100	0.162491
0.018200	-294.772365	0.000000	294.772365	0.018200	5.492518	0.018200	0.162491
0.018300	-294.772365	0.000000	294.772365	0.018300	5.492518	0.018300	0.162491
0.018400	-294.772365	0.000000	294.772365	0.018400	5.492518	0.018400	0.162491
0.018500	-294.772365	0.000000	294.772365	0.018500	5.492518	0.018500	0.162491
0.018600	-294.772365	0.000000	294.772365	0.018600	5.492518	0.018600	0.162491
0.018700	-294.772365	0.000000	294.772365	0.018700	5.492518	0.018700	0.162491
0.018800	-294.772365	0.000000	294.772365	0.018800	5.492518	0.018800	0.162491
0.018900	-294.772365	0.000000	294.772365	0.018900	5.492518	0.018900	0.162491
0.019000	-294.772365	0.000000	294.772365	0.019000	5.492518	0.019000	0.162491
0.019100	-294.772365	0.000000	294.772365	0.019100	5.492518	0.019100	0.162491
0.019200	-294.772365	0.000000	294.772365	0.019200	5.492518	0.019200	0.162491
0.019300	-294.772365	0.000000	294.772365	0.019300	5.492518	0.019300	0.162491
0.019400	-294.772365	0.000000	294.772365	0.019400	5.492518	0.019400	0.162491
0.019500	-294.772365	0.000000	294.772365	0.019500	5.492518	0.019500	0.162491
0.019600	-294.772365	0.000000	294.772365	0.019600	5.492518	0.019600	0.162491
0.019700	-294.772365	0.000000	294.772365	0.019700	5.492518	0.019700	0.162491
0.019800	-294.772365	0.000000	294.772365	0.019800	5.492518	0.019800	0.162491
0.019900	-294.772365	0.000000	294.772365	0.019900	5.492518	0.019900	0.162491
0.020000	-294.772365	0.000000	294.772365	0.020000	5.492518	0.020000	0.162491
0.020100	-294.772365	0.000000	294.772365	0.020100	5.492518	0.020100	0.162491
0.020200	-294.772365	0.000000	294.772365	0.020200	5.492518	0.020200	0.162491
0.020300	-294.772365	0.000000	294.772365	0.020300	5.492518	0.020300	0.162491
0.020400	-294.772365	0.000000	294.772365	0.020400	5.492518	0.020400	0.162491
0.020500	-294.772365	0.000000	294.772365	0.020500	5.492518	0.020500	0.162491
0.020600	-294.772365	0.000000	294.772365	0.020600	5.492518	0.020600	0.162491
0.020700	-294.772365	0.000000	294.772365	0.020700	5.492518	0.020700	0.162491
0.020800	-294.772365	0.000000	294.772365	0.020800	5.492518	0.020800	0.162491
0.020900	-294.772365	0.000000	294.772365	0.020900	5.492518	0.020900	0.162491
0.021000	-294.772365	0.000000	294.772365	0.021000	5.492518	0.021000	0.162491
0.021100	-294.772365	0.000000	294.772365	0.021100	5.492518	0.021100	0.162491
0.021200	-294.772365	0.000000	294.772365	0.021200	5.492518	0.021200	0.162491
0.021300	-294.772365	0.000000	294.772365	0.021300	5.492518	0.021300	0.162491
0.021400	-294.772365	0.000000	294.772365	0.021400	5.492518	0.021400	0.162491
0.021500	-294.772365	0.000000	294.772365	0.021500	5.492518	0.021500	0.162491
0.021600	-294.772365	0.000000	294.772365	0.021600	5.492518	0.021600	0.162491
0.021700	-294.772365	0.000000	294.772365	0.021700	5.492518	0.021700	0.162491
0.021800	-294.772365	0.000000	294.772365	0.021800	5.492518	0.021800	0.162491
0.021900	-294.772365	0.000000	294.772365	0.021900	5.492518	0.021900	0.162491
0.022000	-294.772365	0.000000	294.772365	0.022000	5.492518	0.022000	0.162491
0.022100	-294.772365	0.000000	294.772365	0.022100	5.492518	0.022100	0.162491
0.022200	-294.772365	0.000000	294.772365	0.022200	5.492518	0.022200	0.162491
0.022300	-294.772365	0.000000	294.772365	0.022300	5.492518	0.022300	0.162491
0.022400	-294.772365	0.000000	294.772365	0.022400	5.492518	0.022400	0.162491
0.022500	-294.772365	0.000000	294.772365	0.022500	5.492518	0.022500	0.162491
0.022600	-294.772365	0.000000	294.772365	0.022600	5.492518	0.022600	0.162491
0.022700	-294.772365	0.000000	294.772365	0.022700	5.492518	0.022700	0.162491
0.022800	-294.772365	0.000000	294.772365	0.022800	5.492518	0.022800	0.162491
0.022900	-294.772365	0.000000	294.772365	0.022900	5.492518	0.022900	0.162491
0.023000	-294.772365	0.000000	294.772365	0.023000	5.492518	0.023000	0.162491
0.023100	-294.772365	0.000000	294.772365	0.023100	5.492518	0.023100	0.162491
0.023200	-294.772365	0.000000	294.772365	0.023200	5.492518	0.023200	0.162491
0.023300	-294.772365	0.000000	294.772365	0.023300	5.492518	0.023300	0.162491
0.023400	-294.772365	0.000000	294.772365	0.023400	5.492518	0.023400	0.162491
0.023500	-294.772365	0.000000	294.772365	0.023500	5.492518	0.023500	0.162491
0.023600	-294.772365	0.000000	294.772365	0.023600	5.492518	0.023600	0.162491
0.023700	-294.772365	0.000000	294.772365	0.023700	5.492518	0.023700	0.162491
0.023800	-294.772365	0.000000	294.772365	0.023800	5.492518	0.023800	0.162491
0.023900	-294.772365	0.000000	294.772365	0.023900	5.492518	0.023900	0.162491
0.024000	-294.772365	0.000000	294.772365	0.024000	5.492518	0.024000	0.162491
0.024100	-294.772365	0.000000	294.772365	0.024100	5.492518	0.024100	0.162491
0.024200	-294.772365	0.000000	294.772365	0.024200	5.492518	0.024200	0.162491
0.024300	-294.772365	0.000000	294.772365	0.024300	5.492518	0.024300	0.162491
0.024400	-294.772365	0.000000	294.772365	0.024400	5.492518	0.024400	0.162491
0.024500	-294.772365	0.000000	294.772365	0.024500	5.492518	0.024500	0.162491
0.024600	-294.772365	0.000000	294.772365	0.024600	5.492518	0.024600	0.162491
0.024700	-294.772365	0.000000	294.772365	0.024700	5.492518	0.024700	0.162491
0.024800	-294.772365	0.000000	294.772365	0.024800	5.492518	0.024800	0.162491
0.024900	-294.772365	0.000000	294.772365	0.024900	5.492518	0.024900	0.162491
0.025000	-294.772365	0.000000	294.772365	0.025000	5.492518	0.025000	0.162491
0.025100	-294.772365	0.000000	294.772365	0.025100	5.492518	0.025100	0.162491
0.025200	-294.772365	0.000000	294.772365	0.025200	5.492518	0.025200	0.162491
0.025300	-294.772365	0.000000	294.772365	0.025300	5.492518	0.025300	0.162491
0.025400	-294.772365	0.000000	294.772365	0.025400	5.492518	0.025400	0.162491
0.025500	-294.772365	0.000000	294.772365	0.025500	5.492518	0.025500	0.162491
0.025600	-294.772365	0.000000	294.772365	0.025600	5.492518	0.025600	0.162491
0.025700	-294.772365	0.000000	294.772365	0.025700	5.492518	0.025700	0.162491
0.025800	-294.772365	0.000000	294.772365	0.025800	5.492518	0.025800	0.162491
0.025900	-294.772365	0.000000	294.772365	0.025900	5.492518	0.025900	0.162491
0.026000	-294.772365	0.000000	294.772365	0.026000	5.492518	0.026000	0.162491
0.026100	-294.772365	0.000000	294.772365	0.026100	5.492518	0.026100	0.162491
0.026200	-294.772365	0.000000	294.772365	0.026200	5.492518	0.026200	0.162491
0.026300	-294.772365	0.000000	294.772365	0.026300	5.492518	0.026300	0.162491
0.026400	-294.772365	0.000000	294.772365	0.026400	5.492518	0.026400	0.162491
0.026500	-294.772365	0.000000	294.772365	0.026500	5.492518	0.026500	0.162491
0.026600	-294.772365	0.000000	294.772365	0.026600	5.492518	0.026600	0.162491
0.026700	-294.772365	0.000000	294.772365	0.026700	5.492518	0.026700	0.162491
0.026800	-294.772365	0.000000	294.772365	0.026800	5.492518	0.026800	0.162491
0.026900	-294.772365	0.000000	294.772365	0.026900	5.492518	0.026900	0.162491
0.027000	-294.772365	0.000000	294.772365	0.027000	5.492518	0.027000	0.162491
0.027100	-294.772365	0.000000	294.772365	0.027100	5.492518	0.027100	0.162491
0.027200	-294.772365	0.000000	294.772365	0.027200	5.492518	0.027200	0.162491
