SliderCrank
14:05:32  3/17/2022
Contact Force of Square 18 on Piston 6				Rotation of Crank 1		Rotation of Connecting Rod 2
t	Fx	Fy	|F|	t	rot	t	rot
0.000000	-0.000000	0.000000	0.000000	0.000000	1.000000	0.000000	-0.192558
0.000100	-0.000000	0.000000	0.000000	0.000100	1.037333	0.000100	-0.197101
0.000200	-0.000000	0.000000	0.000000	0.000200	1.145501	0.000200	-0.208694
0.000300	-0.000000	0.000000	0.000000	0.000300	1.317835	0.000300	-0.222049
0.000400	-0.000000	0.000000	0.000000	0.000400	1.554708	0.000400	-0.229483
0.000500	-0.000000	0.000000	0.000000	0.000500	1.877070	0.000500	-0.218693
0.000600	-0.000000	0.000000	0.000000	0.000600	2.376520	0.000600	-0.158316
0.000700	-0.000000	0.000000	0.000000	0.000700	3.629751	0.000700	0.106808
0.000800	-0.000000	0.000000	0.000000	0.000800	4.527035	0.000800	0.225491
0.000900	-0.000000	0.000000	0.000000	0.000900	5.253547	0.000900	0.196302
0.001000	-0.000000	0.000000	0.000000	0.001000	5.541321	0.001000	0.154396
0.001100	-0.000000	0.000000	0.000000	0.001100	5.186436	0.001100	0.203866
0.001200	-0.000000	0.000000	0.000000	0.001200	4.936636	0.001200	0.223686
0.001300	-0.000000	0.000000	0.000000	0.001300	4.754714	0.001300	0.229304
0.001400	-0.000000	0.000000	0.000000	0.001400	4.636477	0.001400	0.228829
0.001500	-0.000000	0.000000	0.000000	0.001500	4.586426	0.001500	0.227648
0.001600	-0.000000	0.000000	0.000000	0.001600	4.608203	0.001600	0.228234
0.001700	-0.000000	0.000000	0.000000	0.001700	4.700091	0.001700	0.229490
0.001800	-0.000000	0.000000	0.000000	0.001800	4.857039	0.001800	0.227085
0.001900	-0.000000	0.000000	0.000000	0.001900	5.078250	0.001900	0.214115
0.002000	-0.000000	0.000000	0.000000	0.002000	5.382279	0.002000	0.179359
0.002100	-0.000000	0.000000	0.000000	0.002100	5.744420	0.002100	0.117074
0.002200	-0.000000	0.000000	0.000000	0.002200	5.553300	0.002200	0.152356
0.002300	-0.000000	0.000000	0.000000	0.002300	5.487956	0.002300	0.163235
0.002400	-0.000000	0.000000	0.000000	0.002400	5.520737	0.002400	0.157860
0.002500	-0.000000	0.000000	0.000000	0.002500	5.663908	0.002500	0.132519
0.002600	-0.000000	0.000000	0.000000	0.002600	5.718079	0.002600	0.122213
0.002700	-0.000000	0.000000	0.000000	0.002700	5.730480	0.002700	0.119804
0.002800	-212.763830	0.000000	212.763830	0.002800	5.768074	0.002800	0.112394
0.002900	-356.372890	0.000000	356.372890	0.002900	5.767432	0.002900	0.112522
0.003000	-400.852211	0.000000	400.852211	0.003000	5.768536	0.003000	0.112302
0.003100	-408.287541	0.000000	408.287541	0.003100	5.769468	0.003100	0.112116
0.003200	-409.320264	0.000000	409.320264	0.003200	5.770310	0.003200	0.111948
0.003300	-410.261201	0.000000	410.261201	0.003300	5.771071	0.003300	0.111796
0.003400	-411.112708	0.000000	411.112708	0.003400	5.771760	0.003400	0.111659
0.003500	-411.884211	0.000000	411.884211	0.003500	5.772383	0.003500	0.111534
0.003600	-412.582831	0.000000	412.582831	0.003600	5.772947	0.003600	0.111422
0.003700	-413.215366	0.000000	413.215366	0.003700	5.773457	0.003700	0.111320
0.003800	-413.787944	0.000000	413.787944	0.003800	5.773918	0.003800	0.111228
0.003900	-414.306159	0.000000	414.306159	0.003900	5.774334	0.003900	0.111145
0.004000	-414.775097	0.000000	414.775097	0.004000	5.774711	0.004000	0.111069
0.004100	-415.199381	0.000000	415.199381	0.004100	5.775052	0.004100	0.111001
0.004200	-415.583214	0.000000	415.583214	0.004200	5.775360	0.004200	0.110940
0.004300	-415.930409	0.000000	415.930409	0.004300	5.775638	0.004300	0.110884
0.004400	-416.244429	0.000000	416.244429	0.004400	5.775889	0.004400	0.110834
0.004500	-416.528417	0.000000	416.528417	0.004500	5.776117	0.004500	0.110788
0.004600	-416.785222	0.000000	416.785222	0.004600	5.776322	0.004600	0.110747
0.004700	-417.017427	0.000000	417.017427	0.004700	5.776508	0.004700	0.110710
0.004800	-417.227373	0.000000	417.227373	0.004800	5.776676	0.004800	0.110676
0.004900	-417.417182	0.000000	417.417182	0.004900	5.776828	0.004900	0.110646
0.005000	-417.588774	0.000000	417.588774	0.005000	5.776965	0.005000	0.110618
0.005100	-417.743889	0.000000	417.743889	0.005100	5.777089	0.005100	0.110594
0.005200	-418.751398	0.000000	418.751398	0.005200	5.777493	0.005200	0.110513
0.005300	-418.165790	0.000000	418.165790	0.005300	5.777507	0.005300	0.110510
0.005400	-418.393430	0.000000	418.393430	0.005400	5.777591	0.005400	0.110493
0.005500	-418.959789	0.000000	418.959789	0.005500	5.777826	0.005500	0.110446
0.005600	-418.615265	0.000000	418.615265	0.005600	5.777832	0.005600	0.110445
0.005700	-418.746476	0.000000	418.746476	0.005700	5.777879	0.005700	0.110435
0.005800	-419.065146	0.000000	419.065146	0.005800	5.778011	0.005800	0.110409
0.005900	-419.224107	0.000000	419.224107	0.005900	5.778134	0.005900	0.110384
0.006000	-419.275148	0.000000	419.275148	0.006000	5.778215	0.006000	0.110368
0.006100	-419.266544	0.000000	419.266544	0.006100	5.778256	0.006100	0.110360
0.006200	-419.242201	0.000000	419.242201	0.006200	5.778271	0.006200	0.110357
0.006300	-419.227599	0.000000	419.227599	0.006300	5.778273	0.006300	0.110356
0.006400	-419.218736	0.000000	419.218736	0.006400	5.778272	0.006400	0.110357
0.006500	-419.213109	0.000000	419.213109	0.006500	5.778268	0.006500	0.110358
0.006600	-419.209387	0.000000	419.209387	0.006600	5.778265	0.006600	0.110358
0.006700	-419.206838	0.000000	419.206838	0.006700	5.778262	0.006700	0.110359
0.006800	-419.205043	0.000000	419.205043	0.006800	5.778259	0.006800	0.110359
0.006900	-419.203754	0.000000	419.203754	0.006900	5.778257	0.006900	0.110360
0.007000	-419.202814	0.000000	419.202814	0.007000	5.778255	0.007000	0.110360
0.007100	-419.202123	0.000000	419.202123	0.007100	5.778254	0.007100	0.110360
0.007200	-419.201610	0.000000	419.201610	0.007200	5.778253	0.007200	0.110361
0.007300	-419.201228	0.000000	419.201228	0.007300	5.778252	0.007300	0.110361
0.007400	-419.200942	0.000000	419.200942	0.007400	5.778252	0.007400	0.110361
0.007500	-419.200729	0.000000	419.200729	0.007500	5.778252	0.007500	0.110361
0.007600	-419.200568	0.000000	419.200568	0.007600	5.778251	0.007600	0.110361
0.007700	-419.200448	0.000000	419.200448	0.007700	5.778251	0.007700	0.110361
0.007800	-419.200358	0.000000	419.200358	0.007800	5.778251	0.007800	0.110361
0.007900	-419.200290	0.000000	419.200290	0.007900	5.778251	0.007900	0.110361
0.008000	-419.200239	0.000000	419.200239	0.008000	5.778251	0.008000	0.110361
0.008100	-419.200201	0.000000	419.200201	0.008100	5.778251	0.008100	0.110361
0.008200	-419.200172	0.000000	419.200172	0.008200	5.778250	0.008200	0.110361
0.008300	-419.200151	0.000000	419.200151	0.008300	5.778250	0.008300	0.110361
0.008400	-419.200135	0.000000	419.200135	0.008400	5.778250	0.008400	0.110361
0.008500	-419.200122	0.000000	419.200122	0.008500	5.778250	0.008500	0.110361
0.008600	-419.200113	0.000000	419.200113	0.008600	5.778250	0.008600	0.110361
0.008700	-419.200106	0.000000	419.200106	0.008700	5.778250	0.008700	0.110361
0.008800	-419.200101	0.000000	419.200101	0.008800	5.778250	0.008800	0.110361
0.008900	-419.200097	0.000000	419.200097	0.008900	5.778250	0.008900	0.110361
0.009000	-419.200094	0.000000	419.200094	0.009000	5.778250	0.009000	0.110361
0.009100	-419.200092	0.000000	419.200092	0.009100	5.778250	0.009100	0.110361
0.009200	-419.200091	0.000000	419.200091	0.009200	5.778250	0.009200	0.110361
0.009300	-419.200089	0.000000	419.200089	0.009300	5.778250	0.009300	0.110361
0.009400	-419.200088	0.000000	419.200088	0.009400	5.778250	0.009400	0.110361
0.009500	-419.200088	0.000000	419.200088	0.009500	5.778250	0.009500	0.110361
0.009600	-419.200087	0.000000	419.200087	0.009600	5.778250	0.009600	0.110361
0.009700	-419.200087	0.000000	419.200087	0.009700	5.778250	0.009700	0.110361
0.009800	-419.200086	0.000000	419.200086	0.009800	5.778250	0.009800	0.110361
0.009900	-419.200086	0.000000	419.200086	0.009900	5.778250	0.009900	0.110361
0.010000	-419.200086	0.000000	419.200086	0.010000	5.778250	0.010000	0.110361
0.010100	-419.200086	0.000000	419.200086	0.010100	5.778250	0.010100	0.110361
0.010200	-419.200086	0.000000	419.200086	0.010200	5.778250	0.010200	0.110361
0.010300	-419.200086	0.000000	419.200086	0.010300	5.778250	0.010300	0.110361
0.010400	-419.200086	0.000000	419.200086	0.010400	5.778250	0.010400	0.110361
0.010500	-419.200086	0.000000	419.200086	0.010500	5.778250	0.010500	0.110361
0.010600	-419.200086	0.000000	419.200086	0.010600	5.778250	0.010600	0.110361
0.010700	-419.200086	0.000000	419.200086	0.010700	5.778250	0.010700	0.110361
0.010800	-419.200086	0.000000	419.200086	0.010800	5.778250	0.010800	0.110361
0.010900	-419.200086	0.000000	419.200086	0.010900	5.778250	0.010900	0.110361
0.011000	-419.200086	0.000000	419.200086	0.011000	5.778250	0.011000	0.110361
0.011100	-419.200086	0.000000	419.200086	0.011100	5.778250	0.011100	0.110361
0.011200	-419.200086	0.000000	419.200086	0.011200	5.778250	0.011200	0.110361
0.011300	-419.200086	0.000000	419.200086	0.011300	5.778250	0.011300	0.110361
0.011400	-419.200086	0.000000	419.200086	0.011400	5.778250	0.011400	0.110361
0.011500	-419.200086	0.000000	419.200086	0.011500	5.778250	0.011500	0.110361
0.011600	-419.200086	0.000000	419.200086	0.011600	5.778250	0.011600	0.110361
0.011700	-419.200086	0.000000	419.200086	0.011700	5.778250	0.011700	0.110361
0.011800	-419.200086	0.000000	419.200086	0.011800	5.778250	0.011800	0.110361
0.011900	-419.200086	0.000000	419.200086	0.011900	5.778250	0.011900	0.110361
0.012000	-419.200086	0.000000	419.200086	0.012000	5.778250	0.012000	0.110361
0.012100	-419.200086	0.000000	419.200086	0.012100	5.778250	0.012100	0.110361
0.012200	-419.200086	0.000000	419.200086	0.012200	5.778250	0.012200	0.110361
0.012300	-419.200086	0.000000	419.200086	0.012300	5.778250	0.012300	0.110361
0.012400	-419.200086	0.000000	419.200086	0.012400	5.778250	0.012400	0.110361
0.012500	-419.200086	0.000000	419.200086	0.012500	5.778250	0.012500	0.110361
0.012600	-419.200086	0.000000	419.200086	0.012600	5.778250	0.012600	0.110361
0.012700	-419.200086	0.000000	419.200086	0.012700	5.778250	0.012700	0.110361
0.012800	-419.200086	0.000000	419.200086	0.012800	5.778250	0.012800	0.110361
0.012900	-419.200086	0.000000	419.200086	0.012900	5.778250	0.012900	0.110361
0.013000	-419.200086	0.000000	419.200086	0.013000	5.778250	0.013000	0.110361
0.013100	-419.200086	0.000000	419.200086	0.013100	5.778250	0.013100	0.110361
0.013200	-419.200086	0.000000	419.200086	0.013200	5.778250	0.013200	0.110361
0.013300	-419.200086	0.000000	419.200086	0.013300	5.778250	0.013300	0.110361
0.013400	-419.200086	0.000000	419.200086	0.013400	5.778250	0.013400	0.110361
0.013500	-419.200086	0.000000	419.200086	0.013500	5.778250	0.013500	0.110361
0.013600	-419.200086	0.000000	419.200086	0.013600	5.778250	0.013600	0.110361
0.013700	-419.200086	0.000000	419.200086	0.013700	5.778250	0.013700	0.110361
0.013800	-419.200086	0.000000	419.200086	0.013800	5.778250	0.013800	0.110361
0.013900	-419.200086	0.000000	419.200086	0.013900	5.778250	0.013900	0.110361
0.014000	-419.200086	0.000000	419.200086	0.014000	5.778250	0.014000	0.110361
0.014100	-419.200086	0.000000	419.200086	0.014100	5.778250	0.014100	0.110361
0.014200	-419.200086	0.000000	419.200086	0.014200	5.778250	0.014200	0.110361
0.014300	-419.200086	0.000000	419.200086	0.014300	5.778250	0.014300	0.110361
0.014400	-419.200086	0.000000	419.200086	0.014400	5.778250	0.014400	0.110361
0.014500	-419.200086	0.000000	419.200086	0.014500	5.778250	0.014500	0.110361
0.014600	-419.200086	0.000000	419.200086	0.014600	5.778250	0.014600	0.110361
0.014700	-419.200086	0.000000	419.200086	0.014700	5.778250	0.014700	0.110361
0.014800	-419.200086	0.000000	419.200086	0.014800	5.778250	0.014800	0.110361
0.014900	-419.200086	0.000000	419.200086	0.014900	5.778250	0.014900	0.110361
0.015000	-419.200086	0.000000	419.200086	0.015000	5.778250	0.015000	0.110361
0.015100	-419.200086	0.000000	419.200086	0.015100	5.778250	0.015100	0.110361
0.015200	-419.200086	0.000000	419.200086	0.015200	5.778250	0.015200	0.110361
0.015300	-419.200086	0.000000	419.200086	0.015300	5.778250	0.015300	0.110361
0.015400	-419.200086	0.000000	419.200086	0.015400	5.778250	0.015400	0.110361
0.015500	-419.200086	0.000000	419.200086	0.015500	5.778250	0.015500	0.110361
0.015600	-419.200086	0.000000	419.200086	0.015600	5.778250	0.015600	0.110361
0.015700	-419.200086	0.000000	419.200086	0.015700	5.778250	0.015700	0.110361
0.015800	-419.200086	0.000000	419.200086	0.015800	5.778250	0.015800	0.110361
0.015900	-419.200086	0.000000	419.200086	0.015900	5.778250	0.015900	0.110361
0.016000	-419.200086	0.000000	419.200086	0.016000	5.778250	0.016000	0.110361
0.016100	-419.200086	0.000000	419.200086	0.016100	5.778250	0.016100	0.110361
0.016200	-419.200086	0.000000	419.200086	0.016200	5.778250	0.016200	0.110361
0.016300	-419.200086	0.000000	419.200086	0.016300	5.778250	0.016300	0.110361
0.016400	-419.200086	0.000000	419.200086	0.016400	5.778250	0.016400	0.110361
0.016500	-419.200086	0.000000	419.200086	0.016500	5.778250	0.016500	0.110361
0.016600	-419.200086	0.000000	419.200086	0.016600	5.778250	0.016600	0.110361
0.016700	-419.200086	0.000000	419.200086	0.016700	5.778250	0.016700	0.110361
0.016800	-419.200086	0.000000	419.200086	0.016800	5.778250	0.016800	0.110361
0.016900	-419.200086	0.000000	419.200086	0.016900	5.778250	0.016900	0.110361
0.017000	-419.200086	0.000000	419.200086	0.017000	5.778250	0.017000	0.110361
0.017100	-419.200086	0.000000	419.200086	0.017100	5.778250	0.017100	0.110361
0.017200	-419.200086	0.000000	419.200086	0.017200	5.778250	0.017200	0.110361
0.017300	-419.200086	0.000000	419.200086	0.017300	5.778250	0.017300	0.110361
0.017400	-419.200086	0.000000	419.200086	0.017400	5.778250	0.017400	0.110361
0.017500	-419.200086	0.000000	419.200086	0.017500	5.778250	0.017500	0.110361
0.017600	-419.200086	0.000000	419.200086	0.017600	5.778250	0.017600	0.110361
0.017700	-419.200086	0.000000	419.200086	0.017700	5.778250	0.017700	0.110361
0.017800	-419.200086	0.000000	419.200086	0.017800	5.778250	0.017800	0.110361
0.017900	-419.200086	0.000000	419.200086	0.017900	5.778250	0.017900	0.110361
0.018000	-419.200086	0.000000	419.200086	0.018000	5.778250	0.018000	0.110361
0.018100	-419.200086	0.000000	419.200086	0.018100	5.778250	0.018100	0.110361
0.018200	-419.200086	0.000000	419.200086	0.018200	5.778250	0.018200	0.110361
0.018300	-419.200086	0.000000	419.200086	0.018300	5.778250	0.018300	0.110361
0.018400	-419.200086	0.000000	419.200086	0.018400	5.778250	0.018400	0.110361
0.018500	-419.200086	0.000000	419.200086	0.018500	5.778250	0.018500	0.110361
0.018600	-419.200086	0.000000	419.200086	0.018600	5.778250	0.018600	0.110361
0.018700	-419.200086	0.000000	419.200086	0.018700	5.778250	0.018700	0.110361
0.018800	-419.200086	0.000000	419.200086	0.018800	5.778250	0.018800	0.110361
0.018900	-419.200086	0.000000	419.200086	0.018900	5.778250	0.018900	0.110361
0.019000	-419.200086	0.000000	419.200086	0.019000	5.778250	0.019000	0.110361
0.019100	-419.200086	0.000000	419.200086	0.019100	5.778250	0.019100	0.110361
0.019200	-419.200086	0.000000	419.200086	0.019200	5.778250	0.019200	0.110361
0.019300	-419.200086	0.000000	419.200086	0.019300	5.778250	0.019300	0.110361
0.019400	-419.200086	0.000000	419.200086	0.019400	5.778250	0.019400	0.110361
0.019500	-419.200086	0.000000	419.200086	0.019500	5.778250	0.019500	0.110361
0.019600	-419.200086	0.000000	419.200086	0.019600	5.778250	0.019600	0.110361
0.019700	-419.200086	0.000000	419.200086	0.019700	5.778250	0.019700	0.110361
0.019800	-419.200086	0.000000	419.200086	0.019800	5.778250	0.019800	0.110361
0.019900	-419.200086	0.000000	419.200086	0.019900	5.778250	0.019900	0.110361
0.020000	-419.200086	0.000000	419.200086	0.020000	5.778250	0.020000	0.110361
0.020100	-419.200086	0.000000	419.200086	0.020100	5.778250	0.020100	0.110361
0.020200	-419.200086	0.000000	419.200086	0.020200	5.778250	0.020200	0.110361
0.020300	-419.200086	0.000000	419.200086	0.020300	5.778250	0.020300	0.110361
0.020400	-419.200086	0.000000	419.200086	0.020400	5.778250	0.020400	0.110361
0.020500	-419.200086	0.000000	419.200086	0.020500	5.778250	0.020500	0.110361
0.020600	-419.200086	0.000000	419.200086	0.020600	5.778250	0.020600	0.110361
0.020700	-419.200086	0.000000	419.200086	0.020700	5.778250	0.020700	0.110361
0.020800	-419.200086	0.000000	419.200086	0.020800	5.778250	0.020800	0.110361
0.020900	-419.200086	0.000000	419.200086	0.020900	5.778250	0.020900	0.110361
0.021000	-419.200086	0.000000	419.200086	0.021000	5.778250	0.021000	0.110361
0.021100	-419.200086	0.000000	419.200086	0.021100	5.778250	0.021100	0.110361
0.021200	-419.200086	0.000000	419.200086	0.021200	5.778250	0.021200	0.110361
0.021300	-419.200086	0.000000	419.200086	0.021300	5.778250	0.021300	0.110361
0.021400	-419.200086	0.000000	419.200086	0.021400	5.778250	0.021400	0.110361
0.021500	-419.200086	0.000000	419.200086	0.021500	5.778250	0.021500	0.110361
0.021600	-419.200086	0.000000	419.200086	0.021600	5.778250	0.021600	0.110361
0.021700	-419.200086	0.000000	419.200086	0.021700	5.778250	0.021700	0.110361
0.021800	-419.200086	0.000000	419.200086	0.021800	5.778250	0.021800	0.110361
0.021900	-419.200086	0.000000	419.200086	0.021900	5.778250	0.021900	0.110361
0.022000	-419.200086	0.000000	419.200086	0.022000	5.778250	0.022000	0.110361
0.022100	-419.200086	0.000000	419.200086	0.022100	5.778250	0.022100	0.110361
0.022200	-419.200086	0.000000	419.200086	0.022200	5.778250	0.022200	0.110361
0.022300	-419.200086	0.000000	419.200086	0.022300	5.778250	0.022300	0.110361
0.022400	-419.200086	0.000000	419.200086	0.022400	5.778250	0.022400	0.110361
0.022500	-419.200086	0.000000	419.200086	0.022500	5.778250	0.022500	0.110361
0.022600	-419.200086	0.000000	419.200086	0.022600	5.778250	0.022600	0.110361
0.022700	-419.200086	0.000000	419.200086	0.022700	5.778250	0.022700	0.110361
0.022800	-419.200086	0.000000	419.200086	0.022800	5.778250	0.022800	0.110361
0.022900	-419.200086	0.000000	419.200086	0.022900	5.778250	0.022900	0.110361
0.023000	-419.200086	0.000000	419.200086	0.023000	5.778250	0.023000	0.110361
0.023100	-419.200086	0.000000	419.200086	0.023100	5.778250	0.023100	0.110361
0.023200	-419.200086	0.000000	419.200086	0.023200	5.778250	0.023200	0.110361
0.023300	-419.200086	0.000000	419.200086	0.023300	5.778250	0.023300	0.110361
0.023400	-419.200086	0.000000	419.200086	0.023400	5.778250	0.023400	0.110361
0.023500	-419.200086	0.000000	419.200086	0.023500	5.778250	0.023500	0.110361
0.023600	-419.200086	0.000000	419.200086	0.023600	5.778250	0.023600	0.110361
0.023700	-419.200086	0.000000	419.200086	0.023700	5.778250	0.023700	0.110361
0.023800	-419.200086	0.000000	419.200086	0.023800	5.778250	0.023800	0.110361
0.023900	-419.200086	0.000000	419.200086	0.023900	5.778250	0.023900	0.110361
0.024000	-419.200086	0.000000	419.200086	0.024000	5.778250	0.024000	0.110361
0.024100	-419.200086	0.000000	419.200086	0.024100	5.778250	0.024100	0.110361
0.024200	-419.200086	0.000000	419.200086	0.024200	5.778250	0.024200	0.110361
0.024300	-419.200086	0.000000	419.200086	0.024300	5.778250	0.024300	0.110361
0.024400	-419.200086	0.000000	419.200086	0.024400	5.778250	0.024400	0.110361
0.024500	-419.200086	0.000000	419.200086	0.024500	5.778250	0.024500	0.110361
0.024600	-419.200086	0.000000	419.200086	0.024600	5.778250	0.024600	0.110361
0.024700	-419.200086	0.000000	419.200086	0.024700	5.778250	0.024700	0.110361
0.024800	-419.200086	0.000000	419.200086	0.024800	5.778250	0.024800	0.110361
0.024900	-419.200086	0.000000	419.200086	0.024900	5.778250	0.024900	0.110361
0.025000	-419.200086	0.000000	419.200086	0.025000	5.778250	0.025000	0.110361
0.025100	-419.200086	0.000000	419.200086	0.025100	5.778250	0.025100	0.110361
0.025200	-419.200086	0.000000	419.200086	0.025200	5.778250	0.025200	0.110361
0.025300	-419.200086	0.000000	419.200086	0.025300	5.778250	0.025300	0.110361
0.025400	-419.200086	0.000000	419.200086	0.025400	5.778250	0.025400	0.110361
0.025500	-419.200086	0.000000	419.200086	0.025500	5.778250	0.025500	0.110361
0.025600	-419.200086	0.000000	419.200086	0.025600	5.778250	0.025600	0.110361
0.025700	-419.200086	0.000000	419.200086	0.025700	5.778250	0.025700	0.110361
0.025800	-419.200086	0.000000	419.200086	0.025800	5.778250	0.025800	0.110361
0.025900	-419.200086	0.000000	419.200086	0.025900	5.778250	0.025900	0.110361
0.026000	-419.200086	0.000000	419.200086	0.026000	5.778250	0.026000	0.110361
0.026100	-419.200086	0.000000	419.200086	0.026100	5.778250	0.026100	0.110361
0.026200	-419.200086	0.000000	419.200086	0.026200	5.778250	0.026200	0.110361
0.026300	-419.200086	0.000000	419.200086	0.026300	5.778250	0.026300	0.110361
0.026400	-419.200086	0.000000	419.200086	0.026400	5.778250	0.026400	0.110361
0.026500	-419.200086	0.000000	419.200086	0.026500	5.778250	0.026500	0.110361
0.026600	-419.200086	0.000000	419.200086	0.026600	5.778250	0.026600	0.110361
0.026700	-419.200086	0.000000	419.200086	0.026700	5.778250	0.026700	0.110361
0.026800	-419.200086	0.000000	419.200086	0.026800	5.778250	0.026800	0.110361
0.026900	-419.200086	0.000000	419.200086	0.026900	5.778250	0.026900	0.110361
0.027000	-419.200086	0.000000	419.200086	0.027000	5.778250	0.027000	0.110361
0.027100	-419.200086	0.000000	419.200086	0.027100	5.778250	0.027100	0.110361
0.027200	-419.200086	0.000000	419.200086	0.027200	5.778250	0.027200	0.110361
0.027300	-419.200086	0.000000	419.200086	0.027300	5.778250	0.027300	0.110361
0.027400	-419.200086	0.000000	419.200086	0.027400	5.778250	0.027400	0.110361
0.027500	-419.200086	0.000000	419.200086	0.027500	5.778250	0.027500	0.110361
0.027600	-419.200086	0.000000	419.200086	0.027600	5.778250	0.027600	0.110361
0.027700	-419.200086	0.000000	419.200086	0.027700	5.778250	0.027700	0.110361
0.027800	-419.200086	0.000000	419.200086	0.027800	5.778250	0.027800	0.110361
0.027900	-419.200086	0.000000	419.200086	0.027900	5.778250	0.027900	0.110361
0.028000	-419.200086	0.000000	419.200086	0.028000	5.778250	0.028000	0.110361
0.028100	-419.200086	0.000000	419.200086	0.028100	5.778250	0.028100	0.110361
0.028200	-419.200086	0.000000	419.200086	0.028200	5.778250	0.028200	0.110361
0.028300	-419.200086	0.000000	419.200086	0.028300	5.778250	0.028300	0.110361
0.028400	-419.200086	0.000000	419.200086	0.028400	5.778250	0.028400	0.110361
0.028500	-419.200086	0.000000	419.200086	0.028500	5.778250	0.028500	0.110361
0.028600	-419.200086	0.000000	419.200086	0.028600	5.778250	0.028600	0.110361
0.028700	-419.200086	0.000000	419.200086	0.028700	5.778250	0.028700	0.110361
0.028800	-419.200086	0.000000	419.200086	0.028800	5.778250	0.028800	0.110361
0.028900	-419.200086	0.000000	419.200086	0.028900	5.778250	0.028900	0.110361
0.029000	-419.200086	0.000000	419.200086	0.029000	5.778250	0.029000	0.110361
0.029100	-419.200086	0.000000	419.200086	0.029100	5.778250	0.029100	0.110361
0.029200	-419.200086	0.000000	419.200086	0.029200	5.778250	0.029200	0.110361
0.029300	-419.200086	0.000000	419.200086	0.029300	5.778250	0.029300	0.110361
0.029400	-419.200086	0.000000	419.200086	0.029400	5.778250	0.029400	0.110361
0.029500	-419.200086	0.000000	419.200086	0.029500	5.778250	0.029500	0.110361
0.029600	-419.200086	0.000000	419.200086	0.029600	5.778250	0.029600	0.110361
0.029700	-419.200086	0.000000	419.200086	0.029700	5.778250	0.029700	0.110361
0.029800	-419.200086	0.000000	419.200086	0.029800	5.778250	0.029800	0.110361
0.029900	-419.200086	0.000000	419.200086	0.029900	5.778250	0.029900	0.110361
0.030000	-419.200086	0.000000	419.200086	0.030000	5.778250	0.030000	0.110361
0.030100	-419.200086	0.000000	419.200086	0.030100	5.778250	0.030100	0.110361
0.030200	-419.200086	0.000000	419.200086	0.030200	5.778250	0.030200	0.110361
0.030300	-419.200086	0.000000	419.200086	0.030300	5.778250	0.030300	0.110361
0.030400	-419.200086	0.000000	419.200086	0.030400	5.778250	0.030400	0.110361
0.030500	-419.200086	0.000000	419.200086	0.030500	5.778250	0.030500	0.110361
0.030600	-419.200086	0.000000	419.200086	0.030600	5.778250	0.030600	0.110361
0.030700	-419.200086	0.000000	419.200086	0.030700	5.778250	0.030700	0.110361
0.030800	-419.200086	0.000000	419.200086	0.030800	5.778250	0.030800	0.110361
0.030900	-419.200086	0.000000	419.200086	0.030900	5.778250	0.030900	0.110361
0.031000	-419.200086	0.000000	419.200086	0.031000	5.778250	0.031000	0.110361
0.031100	-419.200086	0.000000	419.200086	0.031100	5.778250	0.031100	0.110361
0.031200	-419.200086	0.000000	419.200086	0.031200	5.778250	0.031200	0.110361
0.031300	-419.200086	0.000000	419.200086	0.031300	5.778250	0.031300	0.110361
0.031400	-419.200086	0.000000	419.200086	0.031400	5.778250	0.031400	0.110361
0.031500	-419.200086	0.000000	419.200086	0.031500	5.778250	0.031500	0.110361
0.031600	-419.200086	0.000000	419.200086	0.031600	5.778250	0.031600	0.110361
0.031700	-419.200086	0.000000	419.200086	0.031700	5.778250	0.031700	0.110361
0.031800	-419.200086	0.000000	419.200086	0.031800	5.778250	0.031800	0.110361
0.031900	-419.200086	0.000000	419.200086	0.031900	5.778250	0.031900	0.110361
0.032000	-419.200086	0.000000	419.200086	0.032000	5.778250	0.032000	0.110361
0.032100	-419.200086	0.000000	419.200086	0.032100	5.778250	0.032100	0.110361
0.032200	-419.200086	0.000000	419.200086	0.032200	5.778250	0.032200	0.110361
0.032300	-419.200086	0.000000	419.200086	0.032300	5.778250	0.032300	0.110361
0.032400	-419.200086	0.000000	419.200086	0.032400	5.778250	0.032400	0.110361
0.032500	-419.200086	0.000000	419.200086	0.032500	5.778250	0.032500	0.110361
0.032600	-419.200086	0.000000	419.200086	0.032600	5.778250	0.032600	0.110361
0.032700	-419.200086	0.000000	419.200086	0.032700	5.778250	0.032700	0.110361
0.032800	-419.200086	0.000000	419.200086	0.032800	5.778250	0.032800	0.110361
0.032900	-419.200086	0.000000	419.200086	0.032900	5.778250	0.032900	0.110361
0.033000	-419.200086	0.000000	419.200086	0.033000	5.778250	0.033000	0.110361
0.033100	-419.200086	0.000000	419.200086	0.033100	5.778250	0.033100	0.110361
0.033200	-419.200086	0.000000	419.200086	0.033200	5.778250	0.033200	0.110361
0.033300	-419.200086	0.000000	419.200086	0.033300	5.778250	0.033300	0.110361
0.033400	-419.200086	0.000000	419.200086	0.033400	5.778250	0.033400	0.110361
0.033500	-419.200086	0.000000	419.200086	0.033500	5.778250	0.033500	0.110361
0.033600	-419.200086	0.000000	419.200086	0.033600	5.778250	0.033600	0.110361
0.033700	-419.200086	0.000000	419.200086	0.033700	5.778250	0.033700	0.110361
0.033800	-419.200086	0.000000	419.200086	0.033800	5.778250	0.033800	0.110361
0.033900	-419.200086	0.000000	419.200086	0.033900	5.778250	0.033900	0.110361
0.034000	-419.200086	0.000000	419.200086	0.034000	5.778250	0.034000	0.110361
0.034100	-419.200086	0.000000	419.200086	0.034100	5.778250	0.034100	0.110361
0.034200	-419.200086	0.000000	419.200086	0.034200	5.778250	0.034200	0.110361
0.034300	-419.200086	0.000000	419.200086	0.034300	5.778250	0.034300	0.110361
0.034400	-419.200086	0.000000	419.200086	0.034400	5.778250	0.034400	0.110361
0.034500	-419.200086	0.000000	419.200086	0.034500	5.778250	0.034500	0.110361
0.034600	-419.200086	0.000000	419.200086	0.034600	5.778250	0.034600	0.110361
0.034700	-419.200086	0.000000	419.200086	0.034700	5.778250	0.034700	0.110361
0.034800	-419.200086	0.000000	419.200086	0.034800	5.778250	0.034800	0.110361
0.034900	-419.200086	0.000000	419.200086	0.034900	5.778250	0.034900	0.110361
0.035000	-419.200086	0.000000	419.200086	0.035000	5.778250	0.035000	0.110361
0.035100	-419.200086	0.000000	419.200086	0.035100	5.778250	0.035100	0.110361
0.035200	-419.200086	0.000000	419.200086	0.035200	5.778250	0.035200	0.110361
0.035300	-419.200086	0.000000	419.200086	0.035300	5.778250	0.035300	0.110361
0.035400	-419.200086	0.000000	419.200086	0.035400	5.778250	0.035400	0.110361
0.035500	-419.200086	0.000000	419.200086	0.035500	5.778250	0.035500	0.110361
0.035600	-419.200086	0.000000	419.200086	0.035600	5.778250	0.035600	0.110361
0.035700	-419.200086	0.000000	419.200086	0.035700	5.778250	0.035700	0.110361
0.035800	-419.200086	0.000000	419.200086	0.035800	5.778250	0.035800	0.110361
0.035900	-419.200086	0.000000	419.200086	0.035900	5.778250	0.035900	0.110361
0.036000	-419.200086	0.000000	419.200086	0.036000	5.778250	0.036000	0.110361
0.036100	-419.200086	0.000000	419.200086	0.036100	5.778250	0.036100	0.110361
0.036200	-419.200086	0.000000	419.200086	0.036200	5.778250	0.036200	0.110361
0.036300	-419.200086	0.000000	419.200086	0.036300	5.778250	0.036300	0.110361
0.036400	-419.200086	0.000000	419.200086	0.036400	5.778250	0.036400	0.110361
0.036500	-419.200086	0.000000	419.200086	0.036500	5.778250	0.036500	0.110361
0.036600	-419.200086	0.000000	419.200086	0.036600	5.778250	0.036600	0.110361
0.036700	-419.200086	0.000000	419.200086	0.036700	5.778250	0.036700	0.110361
0.036800	-419.200086	0.000000	419.200086	0.036800	5.778250	0.036800	0.110361
0.036900	-419.200086	0.000000	419.200086	0.036900	5.778250	0.036900	0.110361
0.037000	-419.200086	0.000000	419.200086	0.037000	5.778250	0.037000	0.110361
0.037100	-419.200086	0.000000	419.200086	0.037100	5.778250	0.037100	0.110361
0.037200	-419.200086	0.000000	419.200086	0.037200	5.778250	0.037200	0.110361
0.037300	-419.200086	0.000000	419.200086	0.037300	5.778250	0.037300	0.110361
0.037400	-419.200086	0.000000	419.200086	0.037400	5.778250	0.037400	0.110361
0.037500	-419.200086	0.000000	419.200086	0.037500	5.778250	0.037500	0.110361
0.037600	-419.200086	0.000000	419.200086	0.037600	5.778250	0.037600	0.110361
0.037700	-419.200086	0.000000	419.200086	0.037700	5.778250	0.037700	0.110361
0.037800	-419.200086	0.000000	419.200086	0.037800	5.778250	0.037800	0.110361
0.037900	-419.200086	0.000000	419.200086	0.037900	5.778250	0.037900	0.110361
0.038000	-419.200086	0.000000	419.200086	0.038000	5.778250	0.038000	0.110361
0.038100	-419.200086	0.000000	419.200086	0.038100	5.778250	0.038100	0.110361
0.038200	-419.200086	0.000000	419.200086	0.038200	5.778250	0.038200	0.110361
0.038300	-419.200086	0.000000	419.200086	0.038300	5.778250	0.038300	0.110361
0.038400	-419.200086	0.000000	419.200086	0.038400	5.778250	0.038400	0.110361
0.038500	-419.200086	0.000000	419.200086	0.038500	5.778250	0.038500	0.110361
0.038600	-419.200086	0.000000	419.200086	0.038600	5.778250	0.038600	0.110361
0.038700	-419.200086	0.000000	419.200086	0.038700	5.778250	0.038700	0.110361
0.038800	-419.200086	0.000000	419.200086	0.038800	5.778250	0.038800	0.110361
0.038900	-419.200086	0.000000	419.200086	0.038900	5.778250	0.038900	0.110361
0.039000	-419.200086	0.000000	419.200086	0.039000	5.778250	0.039000	0.110361
0.039100	-419.200086	0.000000	419.200086	0.039100	5.778250	0.039100	0.110361
0.039200	-419.200086	0.000000	419.200086	0.039200	5.778250	0.039200	0.110361
0.039300	-419.200086	0.000000	419.200086	0.039300	5.778250	0.039300	0.110361
0.039400	-419.200086	0.000000	419.200086	0.039400	5.778250	0.039400	0.110361
0.039500	-419.200086	0.000000	419.200086	0.039500	5.778250	0.039500	0.110361
0.039600	-419.200086	0.000000	419.200086	0.039600	5.778250	0.039600	0.110361
0.039700	-419.200086	0.000000	419.200086	0.039700	5.778250	0.039700	0.110361
0.039800	-419.200086	0.000000	419.200086	0.039800	5.778250	0.039800	0.110361
0.039900	-419.200086	0.000000	419.200086	0.039900	5.778250	0.039900	0.110361
0.040000	-419.200086	0.000000	419.200086	0.040000	5.778250	0.040000	0.110361
0.040100	-419.200086	0.000000	419.200086	0.040100	5.778250	0.040100	0.110361
0.040200	-419.200086	0.000000	419.200086	0.040200	5.778250	0.040200	0.110361
0.040300	-419.200086	0.000000	419.200086	0.040300	5.778250	0.040300	0.110361
0.040400	-419.200086	0.000000	419.200086	0.040400	5.778250	0.040400	0.110361
0.040500	-419.200086	0.000000	419.200086	0.040500	5.778250	0.040500	0.110361
0.040600	-419.200086	0.000000	419.200086	0.040600	5.778250	0.040600	0.110361
0.040700	-419.200086	0.000000	419.200086	0.040700	5.778250	0.040700	0.110361
0.040800	-419.200086	0.000000	419.200086	0.040800	5.778250	0.040800	0.110361
0.040900	-419.200086	0.000000	419.200086	0.040900	5.778250	0.040900	0.110361
0.041000	-419.200086	0.000000	419.200086	0.041000	5.778250	0.041000	0.110361
0.041100	-419.200086	0.000000	419.200086	0.041100	5.778250	0.041100	0.110361
0.041200	-419.200086	0.000000	419.200086	0.041200	5.778250	0.041200	0.110361
0.041300	-419.200086	0.000000	419.200086	0.041300	5.778250	0.041300	0.110361
0.041400	-419.200086	0.000000	419.200086	0.041400	5.778250	0.041400	0.110361
0.041500	-419.200086	0.000000	419.200086	0.041500	5.778250	0.041500	0.110361
0.041600	-419.200086	0.000000	419.200086	0.041600	5.778250	0.041600	0.110361
0.041700	-419.200086	0.000000	419.200086	0.041700	5.778250	0.041700	0.110361
0.041800	-419.200086	0.000000	419.200086	0.041800	5.778250	0.041800	0.110361
0.041900	-419.200086	0.000000	419.200086	0.041900	5.778250	0.041900	0.110361
0.042000	-419.200086	0.000000	419.200086	0.042000	5.778250	0.042000	0.110361
0.042100	-419.200086	0.000000	419.200086	0.042100	5.778250	0.042100	0.110361
0.042200	-419.200086	0.000000	419.200086	0.042200	5.778250	0.042200	0.110361
0.042300	-419.200086	0.000000	419.200086	0.042300	5.778250	0.042300	0.110361
0.042400	-419.200086	0.000000	419.200086	0.042400	5.778250	0.042400	0.110361
0.042500	-419.200086	0.000000	419.200086	0.042500	5.778250	0.042500	0.110361
0.042600	-419.200086	0.000000	419.200086	0.042600	5.778250	0.042600	0.110361
0.042700	-419.200086	0.000000	419.200086	0.042700	5.778250	0.042700	0.110361
0.042800	-419.200086	0.000000	419.200086	0.042800	5.778250	0.042800	0.110361
0.042900	-419.200086	0.000000	419.200086	0.042900	5.778250	0.042900	0.110361
0.043000	-419.200086	0.000000	419.200086	0.043000	5.778250	0.043000	0.110361
0.043100	-419.200086	0.000000	419.200086	0.043100	5.778250	0.043100	0.110361
0.043200	-419.200086	0.000000	419.200086	0.043200	5.778250	0.043200	0.110361
0.043300	-419.200086	0.000000	419.200086	0.043300	5.778250	0.043300	0.110361
0.043400	-419.200086	0.000000	419.200086	0.043400	5.778250	0.043400	0.110361
0.043500	-419.200086	0.000000	419.200086	0.043500	5.778250	0.043500	0.110361
0.043600	-419.200086	0.000000	419.200086	0.043600	5.778250	0.043600	0.110361
0.043700	-419.200086	0.000000	419.200086	0.043700	5.778250	0.043700	0.110361
0.043800	-419.200086	0.000000	419.200086	0.043800	5.778250	0.043800	0.110361
0.043900	-419.200086	0.000000	419.200086	0.043900	5.778250	0.043900	0.110361
0.044000	-419.200086	0.000000	419.200086	0.044000	5.778250	0.044000	0.110361
0.044100	-419.200086	0.000000	419.200086	0.044100	5.778250	0.044100	0.110361
0.044200	-419.200086	0.000000	419.200086	0.044200	5.778250	0.044200	0.110361
0.044300	-419.200086	0.000000	419.200086	0.044300	5.778250	0.044300	0.110361
0.044400	-419.200086	0.000000	419.200086	0.044400	5.778250	0.044400	0.110361
0.044500	-419.200086	0.000000	419.200086	0.044500	5.778250	0.044500	0.110361
0.044600	-419.200086	0.000000	419.200086	0.044600	5.778250	0.044600	0.110361
0.044700	-419.200086	0.000000	419.200086	0.044700	5.778250	0.044700	0.110361
0.044800	-419.200086	0.000000	419.200086	0.044800	5.778250	0.044800	0.110361
0.044900	-419.200086	0.000000	419.200086	0.044900	5.778250	0.044900	0.110361
0.045000	-419.200086	0.000000	419.200086	0.045000	5.778250	0.045000	0.110361
0.045100	-419.200086	0.000000	419.200086	0.045100	5.778250	0.045100	0.110361
0.045200	-419.200086	0.000000	419.200086	0.045200	5.778250	0.045200	0.110361
0.045300	-419.200086	0.000000	419.200086	0.045300	5.778250	0.045300	0.110361
0.045400	-419.200086	0.000000	419.200086	0.045400	5.778250	0.045400	0.110361
0.045500	-419.200086	0.000000	419.200086	0.045500	5.778250	0.045500	0.110361
0.045600	-419.200086	0.000000	419.200086	0.045600	5.778250	0.045600	0.110361
0.045700	-419.200086	0.000000	419.200086	0.045700	5.778250	0.045700	0.110361
0.045800	-419.200086	0.000000	419.200086	0.045800	5.778250	0.045800	0.110361
0.045900	-419.200086	0.000000	419.200086	0.045900	5.778250	0.045900	0.110361
0.046000	-419.200086	0.000000	419.200086	0.046000	5.778250	0.046000	0.110361
0.046100	-419.200086	0.000000	419.200086	0.046100	5.778250	0.046100	0.110361
0.046200	-419.200086	0.000000	419.200086	0.046200	5.778250	0.046200	0.110361
0.046300	-419.200086	0.000000	419.200086	0.046300	5.778250	0.046300	0.110361
0.046400	-419.200086	0.000000	419.200086	0.046400	5.778250	0.046400	0.110361
0.046500	-419.200086	0.000000	419.200086	0.046500	5.778250	0.046500	0.110361
0.046600	-419.200086	0.000000	419.200086	0.046600	5.778250	0.046600	0.110361
0.046700	-419.200086	0.000000	419.200086	0.046700	5.778250	0.046700	0.110361
0.046800	-419.200086	0.000000	419.200086	0.046800	5.778250	0.046800	0.110361
0.046900	-419.200086	0.000000	419.200086	0.046900	5.778250	0.046900	0.110361
0.047000	-419.200086	0.000000	419.200086	0.047000	5.778250	0.047000	0.110361
0.047100	-419.200086	0.000000	419.200086	0.047100	5.778250	0.047100	0.110361
0.047200	-419.200086	0.000000	419.200086	0.047200	5.778250	0.047200	0.110361
0.047300	-419.200086	0.000000	419.200086	0.047300	5.778250	0.047300	0.110361
0.047400	-419.200086	0.000000	419.200086	0.047400	5.778250	0.047400	0.110361
0.047500	-419.200086	0.000000	419.200086	0.047500	5.778250	0.047500	0.110361
0.047600	-419.200086	0.000000	419.200086	0.047600	5.778250	0.047600	0.110361
0.047700	-419.200086	0.000000	419.200086	0.047700	5.778250	0.047700	0.110361
0.047800	-419.200086	0.000000	419.200086	0.047800	5.778250	0.047800	0.110361
0.047900	-419.200086	0.000000	419.200086	0.047900	5.778250	0.047900	0.110361
0.048000	-419.200086	0.000000	419.200086	0.048000	5.778250	0.048000	0.110361
0.048100	-419.200086	0.000000	419.200086	0.048100	5.778250	0.048100	0.110361
0.048200	-419.200086	0.000000	419.200086	0.048200	5.778250	0.048200	0.110361
0.048300	-419.200086	0.000000	419.200086	0.048300	5.778250	0.048300	0.110361
0.048400	-419.200086	0.000000	419.200086	0.048400	5.778250	0.048400	0.110361
0.048500	-419.200086	0.000000	419.200086	0.048500	5.778250	0.048500	0.110361
0.048600	-419.200086	0.000000	419.200086	0.048600	5.778250	0.048600	0.110361
0.048700	-419.200086	0.000000	419.200086	0.048700	5.778250	0.048700	0.110361
0.048800	-419.200086	0.000000	419.200086	0.048800	5.778250	0.048800	0.110361
0.048900	-419.200086	0.000000	419.200086	0.048900	5.778250	0.048900	0.110361
0.049000	-419.200086	0.000000	419.200086	0.049000	5.778250	0.049000	0.110361
0.049100	-419.200086	0.000000	419.200086	0.049100	5.778250	0.049100	0.110361
0.049200	-419.200086	0.000000	419.200086	0.049200	5.778250	0.049200	0.110361
0.049300	-419.200086	0.000000	419.200086	0.049300	5.778250	0.049300	0.110361
0.049400	-419.200086	0.000000	419.200086	0.049400	5.778250	0.049400	0.110361
0.049500	-419.200086	0.000000	419.200086	0.049500	5.778250	0.049500	0.110361
0.049600	-419.200086	0.000000	419.200086	0.049600	5.778250	0.049600	0.110361
0.049700	-419.200086	0.000000	419.200086	0.049700	5.778250	0.049700	0.110361
0.049800	-419.200086	0.000000	419.200086	0.049800	5.778250	0.049800	0.110361
0.049900	-419.200086	0.000000	419.200086	0.049900	5.778250	0.049900	0.110361
0.050000	-419.200086	0.000000	419.200086	0.050000	5.778250	0.050000	0.110361
0.050100	-419.200086	0.000000	419.200086	0.050100	5.778250	0.050100	0.110361
0.050200	-419.200086	0.000000	419.200086	0.050200	5.778250	0.050200	0.110361
0.050300	-419.200086	0.000000	419.200086	0.050300	5.778250	0.050300	0.110361
0.050400	-419.200086	0.000000	419.200086	0.050400	5.778250	0.050400	0.110361
0.050500	-419.200086	0.000000	419.200086	0.050500	5.778250	0.050500	0.110361
0.050600	-419.200086	0.000000	419.200086	0.050600	5.778250	0.050600	0.110361
0.050700	-419.200086	0.000000	419.200086	0.050700	5.778250	0.050700	0.110361
0.050800	-419.200086	0.000000	419.200086	0.050800	5.778250	0.050800	0.110361
0.050900	-419.200086	0.000000	419.200086	0.050900	5.778250	0.050900	0.110361
0.051000	-419.200086	0.000000	419.200086	0.051000	5.778250	0.051000	0.110361
0.051100	-419.200086	0.000000	419.200086	0.051100	5.778250	0.051100	0.110361
0.051200	-419.200086	0.000000	419.200086	0.051200	5.778250	0.051200	0.110361
0.051300	-419.200086	0.000000	419.200086	0.051300	5.778250	0.051300	0.110361
0.051400	-419.200086	0.000000	419.200086	0.051400	5.778250	0.051400	0.110361
0.051500	-419.200086	0.000000	419.200086	0.051500	5.778250	0.051500	0.110361
0.051600	-419.200086	0.000000	419.200086	0.051600	5.778250	0.051600	0.110361
0.051700	-419.200086	0.000000	419.200086	0.051700	5.778250	0.051700	0.110361
0.051800	-419.200086	0.000000	419.200086	0.051800	5.778250	0.051800	0.110361
0.051900	-419.200086	0.000000	419.200086	0.051900	5.778250	0.051900	0.110361
0.052000	-419.200086	0.000000	419.200086	0.052000	5.778250	0.052000	0.110361
0.052100	-419.200086	0.000000	419.200086	0.052100	5.778250	0.052100	0.110361
0.052200	-419.200086	0.000000	419.200086	0.052200	5.778250	0.052200	0.110361
0.052300	-419.200086	0.000000	419.200086	0.052300	5.778250	0.052300	0.110361
0.052400	-419.200086	0.000000	419.200086	0.052400	5.778250	0.052400	0.110361
0.052500	-419.200086	0.000000	419.200086	0.052500	5.778250	0.052500	0.110361
0.052600	-419.200086	0.000000	419.200086	0.052600	5.778250	0.052600	0.110361
0.052700	-419.200086	0.000000	419.200086	0.052700	5.778250	0.052700	0.110361
0.052800	-419.200086	0.000000	419.200086	0.052800	5.778250	0.052800	0.110361
0.052900	-419.200086	0.000000	419.200086	0.052900	5.778250	0.052900	0.110361
0.053000	-419.200086	0.000000	419.200086	0.053000	5.778250	0.053000	0.110361
0.053100	-419.200086	0.000000	419.200086	0.053100	5.778250	0.053100	0.110361
0.053200	-419.200086	0.000000	419.200086	0.053200	5.778250	0.053200	0.110361
0.053300	-419.200086	0.000000	419.200086	0.053300	5.778250	0.053300	0.110361
0.053400	-419.200086	0.000000	419.200086	0.053400	5.778250	0.053400	0.110361
0.053500	-419.200086	0.000000	419.200086	0.053500	5.778250	0.053500	0.110361
0.053600	-419.200086	0.000000	419.200086	0.053600	5.778250	0.053600	0.110361
0.053700	-419.200086	0.000000	419.200086	0.053700	5.778250	0.053700	0.110361
0.053800	-419.200086	0.000000	419.200086	0.053800	5.778250	0.053800	0.110361
0.053900	-419.200086	0.000000	419.200086	0.053900	5.778250	0.053900	0.110361
0.054000	-419.200086	0.000000	419.200086	0.054000	5.778250	0.054000	0.110361
0.054100	-419.200086	0.000000	419.200086	0.054100	5.778250	0.054100	0.110361
0.054200	-419.200086	0.000000	419.200086	0.054200	5.778250	0.054200	0.110361
0.054300	-419.200086	0.000000	419.200086	0.054300	5.778250	0.054300	0.110361
0.054400	-419.200086	0.000000	419.200086	0.054400	5.778250	0.054400	0.110361
0.054500	-419.200086	0.000000	419.200086	0.054500	5.778250	0.054500	0.110361
0.054600	-419.200086	0.000000	419.200086	0.054600	5.778250	0.054600	0.110361
0.054700	-419.200086	0.000000	419.200086	0.054700	5.778250	0.054700	0.110361
0.054800	-419.200086	0.000000	419.200086	0.054800	5.778250	0.054800	0.110361
0.054900	-419.200086	0.000000	419.200086	0.054900	5.778250	0.054900	0.110361
0.055000	-419.200086	0.000000	419.200086	0.055000	5.778250	0.055000	0.110361
0.055100	-419.200086	0.000000	419.200086	0.055100	5.778250	0.055100	0.110361
0.055200	-419.200086	0.000000	419.200086	0.055200	5.778250	0.055200	0.110361
0.055300	-419.200086	0.000000	419.200086	0.055300	5.778250	0.055300	0.110361
0.055400	-419.200086	0.000000	419.200086	0.055400	5.778250	0.055400	0.110361
0.055500	-419.200086	0.000000	419.200086	0.055500	5.778250	0.055500	0.110361
0.055600	-419.200086	0.000000	419.200086	0.055600	5.778250	0.055600	0.110361
0.055700	-419.200086	0.000000	419.200086	0.055700	5.778250	0.055700	0.110361
0.055800	-419.200086	0.000000	419.200086	0.055800	5.778250	0.055800	0.110361
0.055900	-419.200086	0.000000	419.200086	0.055900	5.778250	0.055900	0.110361
0.056000	-419.200086	0.000000	419.200086	0.056000	5.778250	0.056000	0.110361
0.056100	-419.200086	0.000000	419.200086	0.056100	5.778250	0.056100	0.110361
0.056200	-419.200086	0.000000	419.200086	0.056200	5.778250	0.056200	0.110361
0.056300	-419.200086	0.000000	419.200086	0.056300	5.778250	0.056300	0.110361
0.056400	-419.200086	0.000000	419.200086	0.056400	5.778250	0.056400	0.110361
0.056500	-419.200086	0.000000	419.200086	0.056500	5.778250	0.056500	0.110361
0.056600	-419.200086	0.000000	419.200086	0.056600	5.778250	0.056600	0.110361
0.056700	-419.200086	0.000000	419.200086	0.056700	5.778250	0.056700	0.110361
0.056800	-419.200086	0.000000	419.200086	0.056800	5.778250	0.056800	0.110361
0.056900	-419.200086	0.000000	419.200086	0.056900	5.778250	0.056900	0.110361
0.057000	-419.200086	0.000000	419.200086	0.057000	5.778250	0.057000	0.110361
0.057100	-419.200086	0.000000	419.200086	0.057100	5.778250	0.057100	0.110361
0.057200	-419.200086	0.000000	419.200086	0.057200	5.778250	0.057200	0.110361
0.057300	-419.200086	0.000000	419.200086	0.057300	5.778250	0.057300	0.110361
0.057400	-419.200086	0.000000	419.200086	0.057400	5.778250	0.057400	0.110361
0.057500	-419.200086	0.000000	419.200086	0.057500	5.778250	0.057500	0.110361
0.057600	-419.200086	0.000000	419.200086	0.057600	5.778250	0.057600	0.110361
0.057700	-419.200086	0.000000	419.200086	0.057700	5.778250	0.057700	0.110361
0.057800	-419.200086	0.000000	419.200086	0.057800	5.778250	0.057800	0.110361
0.057900	-419.200086	0.000000	419.200086	0.057900	5.778250	0.057900	0.110361
0.058000	-419.200086	0.000000	419.200086	0.058000	5.778250	0.058000	0.110361
0.058100	-419.200086	0.000000	419.200086	0.058100	5.778250	0.058100	0.110361
0.058200	-419.200086	0.000000	419.200086	0.058200	5.778250	0.058200	0.110361
0.058300	-419.200086	0.000000	419.200086	0.058300	5.778250	0.058300	0.110361
0.058400	-419.200086	0.000000	419.200086	0.058400	5.778250	0.058400	0.110361
0.058500	-419.200086	0.000000	419.200086	0.058500	5.778250	0.058500	0.110361
0.058600	-419.200086	0.000000	419.200086	0.058600	5.778250	0.058600	0.110361
0.058700	-419.200086	0.000000	419.200086	0.058700	5.778250	0.058700	0.110361
0.058800	-419.200086	0.000000	419.200086	0.058800	5.778250	0.058800	0.110361
0.058900	-419.200086	0.000000	419.200086	0.058900	5.778250	0.058900	0.110361
0.059000	-419.200086	0.000000	419.200086	0.059000	5.778250	0.059000	0.110361
0.059100	-419.200086	0.000000	419.200086	0.059100	5.778250	0.059100	0.110361
0.059200	-419.200086	0.000000	419.200086	0.059200	5.778250	0.059200	0.110361
0.059300	-419.200086	0.000000	419.200086	0.059300	5.778250	0.059300	0.110361
0.059400	-419.200086	0.000000	419.200086	0.059400	5.778250	0.059400	0.110361
0.059500	-419.200086	0.000000	419.200086	0.059500	5.778250	0.059500	0.110361
0.059600	-419.200086	0.000000	419.200086	0.059600	5.778250	0.059600	0.110361
0.059700	-419.200086	0.000000	419.200086	0.059700	5.778250	0.059700	0.110361
0.059800	-419.200086	0.000000	419.200086	0.059800	5.778250	0.059800	0.110361
0.059900	-419.200086	0.000000	419.200086	0.059900	5.778250	0.059900	0.110361
0.060000	-419.200086	0.000000	419.200086	0.060000	5.778250	0.060000	0.110361
0.060100	-419.200086	0.000000	419.200086	0.060100	5.778250	0.060100	0.110361
0.060200	-419.200086	0.000000	419.200086	0.060200	5.778250	0.060200	0.110361
0.060300	-419.200086	0.000000	419.200086	0.060300	5.778250	0.060300	0.110361
0.060400	-419.200086	0.000000	419.200086	0.060400	5.778250	0.060400	0.110361
0.060500	-419.200086	0.000000	419.200086	0.060500	5.778250	0.060500	0.110361
0.060600	-419.200086	0.000000	419.200086	0.060600	5.778250	0.060600	0.110361
0.060700	-419.200086	0.000000	419.200086	0.060700	5.778250	0.060700	0.110361
0.060800	-419.200086	0.000000	419.200086	0.060800	5.778250	0.060800	0.110361
0.060900	-419.200086	0.000000	419.200086	0.060900	5.778250	0.060900	0.110361
0.061000	-419.200086	0.000000	419.200086	0.061000	5.778250	0.061000	0.110361
0.061100	-419.200086	0.000000	419.200086	0.061100	5.778250	0.061100	0.110361
0.061200	-419.200086	0.000000	419.200086	0.061200	5.778250	0.061200	0.110361
0.061300	-419.200086	0.000000	419.200086	0.061300	5.778250	0.061300	0.110361
0.061400	-419.200086	0.000000	419.200086	0.061400	5.778250	0.061400	0.110361
0.061500	-419.200086	0.000000	419.200086	0.061500	5.778250	0.061500	0.110361
0.061600	-419.200086	0.000000	419.200086	0.061600	5.778250	0.061600	0.110361
0.061700	-419.200086	0.000000	419.200086	0.061700	5.778250	0.061700	0.110361
0.061800	-419.200086	0.000000	419.200086	0.061800	5.778250	0.061800	0.110361
0.061900	-419.200086	0.000000	419.200086	0.061900	5.778250	0.061900	0.110361
0.062000	-419.200086	0.000000	419.200086	0.062000	5.778250	0.062000	0.110361
0.062100	-419.200086	0.000000	419.200086	0.062100	5.778250	0.062100	0.110361
0.062200	-419.200086	0.000000	419.200086	0.062200	5.778250	0.062200	0.110361
0.062300	-419.200086	0.000000	419.200086	0.062300	5.778250	0.062300	0.110361
0.062400	-419.200086	0.000000	419.200086	0.062400	5.778250	0.062400	0.110361
0.062500	-419.200086	0.000000	419.200086	0.062500	5.778250	0.062500	0.110361
0.062600	-419.200086	0.000000	419.200086	0.062600	5.778250	0.062600	0.110361
0.062700	-419.200086	0.000000	419.200086	0.062700	5.778250	0.062700	0.110361
0.062800	-419.200086	0.000000	419.200086	0.062800	5.778250	0.062800	0.110361
0.062900	-419.200086	0.000000	419.200086	0.062900	5.778250	0.062900	0.110361
0.063000	-419.200086	0.000000	419.200086	0.063000	5.778250	0.063000	0.110361
0.063100	-419.200086	0.000000	419.200086	0.063100	5.778250	0.063100	0.110361
0.063200	-419.200086	0.000000	419.200086	0.063200	5.778250	0.063200	0.110361
0.063300	-419.200086	0.000000	419.200086	0.063300	5.778250	0.063300	0.110361
0.063400	-419.200086	0.000000	419.200086	0.063400	5.778250	0.063400	0.110361
0.063500	-419.200086	0.000000	419.200086	0.063500	5.778250	0.063500	0.110361
0.063600	-419.200086	0.000000	419.200086	0.063600	5.778250	0.063600	0.110361
0.063700	-419.200086	0.000000	419.200086	0.063700	5.778250	0.063700	0.110361
0.063800	-419.200086	0.000000	419.200086	0.063800	5.778250	0.063800	0.110361
0.063900	-419.200086	0.000000	419.200086	0.063900	5.778250	0.063900	0.110361
0.064000	-419.200086	0.000000	419.200086	0.064000	5.778250	0.064000	0.110361
0.064100	-419.200086	0.000000	419.200086	0.064100	5.778250	0.064100	0.110361
0.064200	-419.200086	0.000000	419.200086	0.064200	5.778250	0.064200	0.110361
0.064300	-419.200086	0.000000	419.200086	0.064300	5.778250	0.064300	0.110361
0.064400	-419.200086	0.000000	419.200086	0.064400	5.778250	0.064400	0.110361
0.064500	-419.200086	0.000000	419.200086	0.064500	5.778250	0.064500	0.110361
0.064600	-419.200086	0.000000	419.200086	0.064600	5.778250	0.064600	0.110361
0.064700	-419.200086	0.000000	419.200086	0.064700	5.778250	0.064700	0.110361
0.064800	-419.200086	0.000000	419.200086	0.064800	5.778250	0.064800	0.110361
0.064900	-419.200086	0.000000	419.200086	0.064900	5.778250	0.064900	0.110361
0.065000	-419.200086	0.000000	419.200086	0.065000	5.778250	0.065000	0.110361
0.065100	-419.200086	0.000000	419.200086	0.065100	5.778250	0.065100	0.110361
0.065200	-419.200086	0.000000	419.200086	0.065200	5.778250	0.065200	0.110361
0.065300	-419.200086	0.000000	419.200086	0.065300	5.778250	0.065300	0.110361
0.065400	-419.200086	0.000000	419.200086	0.065400	5.778250	0.065400	0.110361
0.065500	-419.200086	0.000000	419.200086	0.065500	5.778250	0.065500	0.110361
0.065600	-419.200086	0.000000	419.200086	0.065600	5.778250	0.065600	0.110361
0.065700	-419.200086	0.000000	419.200086	0.065700	5.778250	0.065700	0.110361
0.065800	-419.200086	0.000000	419.200086	0.065800	5.778250	0.065800	0.110361
0.065900	-419.200086	0.000000	419.200086	0.065900	5.778250	0.065900	0.110361
0.066000	-419.200086	0.000000	419.200086	0.066000	5.778250	0.066000	0.110361
0.066100	-419.200086	0.000000	419.200086	0.066100	5.778250	0.066100	0.110361
0.066200	-419.200086	0.000000	419.200086	0.066200	5.778250	0.066200	0.110361
0.066300	-419.200086	0.000000	419.200086	0.066300	5.778250	0.066300	0.110361
0.066400	-419.200086	0.000000	419.200086	0.066400	5.778250	0.066400	0.110361
0.066500	-419.200086	0.000000	419.200086	0.066500	5.778250	0.066500	0.110361
0.066600	-419.200086	0.000000	419.200086	0.066600	5.778250	0.066600	0.110361
0.066700	-419.200086	0.000000	419.200086	0.066700	5.778250	0.066700	0.110361
0.066800	-419.200086	0.000000	419.200086	0.066800	5.778250	0.066800	0.110361
0.066900	-419.200086	0.000000	419.200086	0.066900	5.778250	0.066900	0.110361
0.067000	-419.200086	0.000000	419.200086	0.067000	5.778250	0.067000	0.110361
0.067100	-419.200086	0.000000	419.200086	0.067100	5.778250	0.067100	0.110361
0.067200	-419.200086	0.000000	419.200086	0.067200	5.778250	0.067200	0.110361
0.067300	-419.200086	0.000000	419.200086	0.067300	5.778250	0.067300	0.110361
0.067400	-419.200086	0.000000	419.200086	0.067400	5.778250	0.067400	0.110361
0.067500	-419.200086	0.000000	419.200086	0.067500	5.778250	0.067500	0.110361
0.067600	-419.200086	0.000000	419.200086	0.067600	5.778250	0.067600	0.110361
0.067700	-419.200086	0.000000	419.200086	0.067700	5.778250	0.067700	0.110361
0.067800	-419.200086	0.000000	419.200086	0.067800	5.778250	0.067800	0.110361
0.067900	-419.200086	0.000000	419.200086	0.067900	5.778250	0.067900	0.110361
0.068000	-419.200086	0.000000	419.200086	0.068000	5.778250	0.068000	0.110361
0.068100	-419.200086	0.000000	419.200086	0.068100	5.778250	0.068100	0.110361
0.068200	-419.200086	0.000000	419.200086	0.068200	5.778250	0.068200	0.110361
0.068300	-419.200086	0.000000	419.200086	0.068300	5.778250	0.068300	0.110361
0.068400	-419.200086	0.000000	419.200086	0.068400	5.778250	0.068400	0.110361
0.068500	-419.200086	0.000000	419.200086	0.068500	5.778250	0.068500	0.110361
0.068600	-419.200086	0.000000	419.200086	0.068600	5.778250	0.068600	0.110361
0.068700	-419.200086	0.000000	419.200086	0.068700	5.778250	0.068700	0.110361
0.068800	-419.200086	0.000000	419.200086	0.068800	5.778250	0.068800	0.110361
0.068900	-419.200086	0.000000	419.200086	0.068900	5.778250	0.068900	0.110361
0.069000	-419.200086	0.000000	419.200086	0.069000	5.778250	0.069000	0.110361
0.069100	-419.200086	0.000000	419.200086	0.069100	5.778250	0.069100	0.110361
0.069200	-419.200086	0.000000	419.200086	0.069200	5.778250	0.069200	0.110361
0.069300	-419.200086	0.000000	419.200086	0.069300	5.778250	0.069300	0.110361
0.069400	-419.200086	0.000000	419.200086	0.069400	5.778250	0.069400	0.110361
0.069500	-419.200086	0.000000	419.200086	0.069500	5.778250	0.069500	0.110361
0.069600	-419.200086	0.000000	419.200086	0.069600	5.778250	0.069600	0.110361
0.069700	-419.200086	0.000000	419.200086	0.069700	5.778250	0.069700	0.110361
0.069800	-419.200086	0.000000	419.200086	0.069800	5.778250	0.069800	0.110361
0.069900	-419.200086	0.000000	419.200086	0.069900	5.778250	0.069900	0.110361
0.070000	-419.200086	0.000000	419.200086	0.070000	5.778250	0.070000	0.110361
0.070100	-419.200086	0.000000	419.200086	0.070100	5.778250	0.070100	0.110361
0.070200	-419.200086	0.000000	419.200086	0.070200	5.778250	0.070200	0.110361
0.070300	-419.200086	0.000000	419.200086	0.070300	5.778250	0.070300	0.110361
0.070400	-419.200086	0.000000	419.200086	0.070400	5.778250	0.070400	0.110361
0.070500	-419.200086	0.000000	419.200086	0.070500	5.778250	0.070500	0.110361
0.070600	-419.200086	0.000000	419.200086	0.070600	5.778250	0.070600	0.110361
0.070700	-419.200086	0.000000	419.200086	0.070700	5.778250	0.070700	0.110361
0.070800	-419.200086	0.000000	419.200086	0.070800	5.778250	0.070800	0.110361
0.070900	-419.200086	0.000000	419.200086	0.070900	5.778250	0.070900	0.110361
0.071000	-419.200086	0.000000	419.200086	0.071000	5.778250	0.071000	0.110361
0.071100	-419.200086	0.000000	419.200086	0.071100	5.778250	0.071100	0.110361
0.071200	-419.200086	0.000000	419.200086	0.071200	5.778250	0.071200	0.110361
0.071300	-419.200086	0.000000	419.200086	0.071300	5.778250	0.071300	0.110361
0.071400	-419.200086	0.000000	419.200086	0.071400	5.778250	0.071400	0.110361
0.071500	-419.200086	0.000000	419.200086	0.071500	5.778250	0.071500	0.110361
0.071600	-419.200086	0.000000	419.200086	0.071600	5.778250	0.071600	0.110361
0.071700	-419.200086	0.000000	419.200086	0.071700	5.778250	0.071700	0.110361
0.071800	-419.200086	0.000000	419.200086	0.071800	5.778250	0.071800	0.110361
0.071900	-419.200086	0.000000	419.200086	0.071900	5.778250	0.071900	0.110361
0.072000	-419.200086	0.000000	419.200086	0.072000	5.778250	0.072000	0.110361
0.072100	-419.200086	0.000000	419.200086	0.072100	5.778250	0.072100	0.110361
0.072200	-419.200086	0.000000	419.200086	0.072200	5.778250	0.072200	0.110361
0.072300	-419.200086	0.000000	419.200086	0.072300	5.778250	0.072300	0.110361
0.072400	-419.200086	0.000000	419.200086	0.072400	5.778250	0.072400	0.110361
0.072500	-419.200086	0.000000	419.200086	0.072500	5.778250	0.072500	0.110361
0.072600	-419.200086	0.000000	419.200086	0.072600	5.778250	0.072600	0.110361
0.072700	-419.200086	0.000000	419.200086	0.072700	5.778250	0.072700	0.110361
0.072800	-419.200086	0.000000	419.200086	0.072800	5.778250	0.072800	0.110361
0.072900	-419.200086	0.000000	419.200086	0.072900	5.778250	0.072900	0.110361
0.073000	-419.200086	0.000000	419.200086	0.073000	5.778250	0.073000	0.110361
